real(kind=GRID_SR),Parameter :: mue_inv(7,7) = reshape((/ &
1978.56546730171,-170.408257121832,303.226457525603,-170.408257121832,340.816514243663,303.226457525613,1.99999999999993,&
-170.408257121832,534.835553978765,-170.408257121835,-267.417776989381,-267.417776989383,340.816514243665,1.99999999999999,&
303.226457525603,-170.408257121835,1978.56546730171,340.816514243668,-170.408257121833,303.226457525609,1.99999999999994,&
-170.408257121832,-267.417776989381,340.816514243668,534.835553978763,-267.417776989381,-170.408257121834,2.00000000000002,&
340.816514243663,-267.417776989383,-170.408257121833,-267.417776989381,534.835553978763,-170.408257121831,1.99999999999999,&
303.226457525613,340.816514243665,303.226457525609,-170.408257121834,-170.408257121831,1978.56546730171,1.99999999999999,&
1.99999999999993,1.99999999999999,1.99999999999994,2.00000000000002,1.99999999999999,1.99999999999999,-0.0800000000000004  /),(/7,7/))