real(kind=GRID_SR),Parameter :: s_b_1(6,6) = reshape((/ &
0.133333333333333,0.0666666666666665,-0.0333333333333334,-7.40148683083381e-18,4.07081775695882e-17,9.25185853854296e-19,&
0.0666666666666665,0.533333333333333,0.0666666666666666,-9.62193288008471e-17,4.81096644004220e-17,7.40148683083437e-18,&
-0.0333333333333334,0.0666666666666666,0.133333333333333,-8.14163551391788e-17,-6.10622663543835e-17,9.25185853854297e-19,&
-7.40148683083381e-18,-9.62193288008471e-17,-8.14163551391788e-17,5.89591353641753e-32,2.65007960347689e-32,-1.33531142810849e-33,&
4.07081775695882e-17,4.81096644004220e-17,-6.10622663543835e-17,2.65007960347689e-32,4.17028030624642e-32,6.67655714054221e-34,&
9.25185853854296e-19,7.40148683083437e-18,9.25185853854297e-19,-1.33531142810849e-33,6.67655714054221e-34,1.02716263700652e-34  /),(/6,6/))