real(kind=GRID_SR),Parameter :: s_b_1(21,21) = reshape((/ &
0.0303030303030286,0.00722021721834778,-0.00874224077090195,0.00874224077090561,-0.00722021721838065,0.00303030303029842,-4.01852573231836e-17,6.40520985615169e-16,4.72285350148335e-16,-2.72653472676077e-16,5.56902808299757e-16,4.95771954038870e-16,1.15953823422848e-15,1.14013936980651e-15,8.02471064590305e-16,-5.94617148548652e-16,-8.64968670671984e-16,-8.10102345920764e-16,2.39935286253148e-16,-1.51321355635209e-15,-9.01454436187541e-16,&
0.00722021721834778,0.172034071044473,0.0208298895225329,-0.0208298895225307,0.0172034071045396,-0.00722021721833985,6.77197747987405e-16,8.75213045187165e-16,2.94313175372374e-15,1.36525488731330e-15,4.69323183936962e-16,-2.26859018311014e-15,-2.05791285150553e-15,-1.26985636677092e-15,2.22195268633142e-15,1.35603033438386e-15,4.13997750886012e-15,-3.02321813607248e-16,-8.40039726852385e-16,5.73833438931700e-15,1.78514244288976e-15,&
-0.00874224077090195,0.0208298895225329,0.252208353197939,0.0252208353198046,-0.0208298895225385,0.00874224077088560,2.24351073821780e-15,2.88612438417563e-15,1.65721391769091e-15,2.23350435144758e-15,2.37814911043619e-15,5.43398484707827e-16,4.63660206400649e-15,5.73851254896330e-15,1.11870492847898e-15,-9.78750778081341e-16,-3.45270499404388e-15,-3.01361750051171e-15,2.10805689961112e-16,-1.01616787572945e-14,-3.46539765939609e-15,&
0.00874224077090561,-0.0208298895225307,0.0252208353198046,0.252208353197951,0.0208298895225401,-0.00874224077089466,-7.29001927866319e-15,-6.73131219090347e-15,2.19970649034147e-15,-4.86567532938244e-15,-4.58333623444855e-16,3.49505074317186e-15,-6.46896978093316e-15,-8.30223162623323e-15,-2.11583666322841e-15,-2.71940247881314e-15,7.33752058031043e-16,8.26481227767311e-15,1.15085368244648e-15,2.02390864257713e-14,6.24561820328611e-15,&
-0.00722021721838065,0.0172034071045396,-0.0208298895225385,0.0208298895225401,0.172034071044486,0.00722021721835143,3.25437643034521e-14,4.36133893214408e-14,5.33777365163868e-14,2.73104352837109e-14,3.64778576165104e-15,-1.25071034716971e-14,5.06773917909171e-14,-3.04371589544330e-14,-1.12426177288771e-14,2.65287941067767e-14,-6.04848894829576e-14,-4.17479090040306e-14,-3.30338070323463e-14,-6.21148177421193e-14,-5.01209764993329e-15,&
0.00303030303029842,-0.00722021721833985,0.00874224077088560,-0.00874224077089466,0.00722021721835143,0.0303030303030309,5.00739245843081e-15,4.50840142835710e-14,1.87058922143884e-14,1.18534931749856e-15,5.29612328819922e-16,1.83005351493331e-14,4.88680364415962e-16,-1.65509601374514e-14,-5.48992519313913e-15,-2.00335579454723e-14,-2.34988756047175e-14,-3.61783715059191e-15,9.06384930834294e-15,2.16102989278227e-16,-4.53953465826967e-15,&
-4.01852573231836e-17,6.77197747987405e-16,2.24351073821780e-15,-7.29001927866319e-15,3.25437643034521e-14,5.00739245843081e-15,7.37277168639267e-27,1.28583347898006e-26,1.21467415598151e-26,5.85576742697044e-27,9.02780425937687e-28,-1.11174956847308e-27,1.08473489723820e-26,-6.74207089627345e-27,-2.56350218384996e-27,3.75788878192874e-27,-1.43777100209170e-26,-9.25546245900344e-27,-5.93266128018298e-27,-1.40847503862696e-26,-1.90865751145592e-27,&
6.40520985615169e-16,8.75213045187165e-16,2.88612438417563e-15,-6.73131219090347e-15,4.36133893214408e-14,4.50840142835710e-14,1.28583347898006e-26,7.44601476299690e-26,3.72068367319604e-26,6.38638233693299e-27,1.27977707218996e-27,2.50044457471157e-26,8.85271216285753e-27,-3.05575448277867e-26,-1.01726977218571e-26,-2.51866051271707e-26,-4.49479129280099e-26,-1.21919922563487e-26,7.77152362867674e-27,-8.95756134921908e-27,-7.13277579731906e-27,&
4.72285350148335e-16,2.94313175372374e-15,1.65721391769091e-15,2.19970649034147e-15,5.33777365163868e-14,1.87058922143884e-14,1.21467415598151e-26,3.72068367319604e-26,2.56784704961022e-26,8.55661038631556e-27,1.39051134306886e-27,6.36373668032612e-27,1.49685817132422e-26,-1.77385395824987e-26,-6.18712657267622e-27,-3.26998981542364e-27,-3.03083722068297e-26,-1.40793240013552e-26,-4.60393620820034e-27,-1.79029322088664e-26,-3.95993459305437e-27,&
-2.72653472676077e-16,1.36525488731330e-15,2.23350435144758e-15,-4.86567532938244e-15,2.73104352837109e-14,1.18534931749856e-15,5.85576742697044e-27,6.38638233693299e-27,8.55661038631556e-27,4.94744648894888e-27,7.38572586596544e-28,-2.88156919640616e-27,9.35924658750587e-27,-4.07177814401128e-27,-1.63639939946426e-27,5.35451489897965e-27,-9.99226503779092e-27,-7.63814131246794e-27,-6.08849808969830e-27,-1.22468115972652e-26,-1.18609442238002e-27,&
5.56902808299757e-16,4.69323183936962e-16,2.37814911043619e-15,-4.58333623444855e-16,3.64778576165104e-15,5.29612328819922e-16,9.02780425937687e-28,1.27977707218996e-27,1.39051134306886e-27,7.38572586596544e-28,1.43321004212109e-28,-2.74080303994851e-28,1.42426309785269e-27,-6.25753062436535e-28,-2.47145078856015e-28,6.13155259688452e-28,-1.65783120103971e-27,-1.17618062503578e-27,-8.09702254717959e-28,-1.89865320293260e-27,-2.55701490050856e-28,&
4.95771954038870e-16,-2.26859018311014e-15,5.43398484707827e-16,3.49505074317186e-15,-1.25071034716971e-14,1.83005351493331e-14,-1.11174956847308e-27,2.50044457471157e-26,6.36373668032612e-27,-2.88156919640616e-27,-2.74080303994851e-28,1.41621558176638e-26,-6.80970568647621e-27,-8.56768124550014e-27,-2.55472638724367e-27,-1.70601108826687e-26,-8.13951375186826e-27,3.42910203014568e-27,1.03322849905426e-26,1.00210483279810e-26,-1.76584409847425e-27,&
1.15953823422848e-15,-2.05791285150553e-15,4.63660206400649e-15,-6.46896978093316e-15,5.06773917909171e-14,4.88680364415962e-16,1.08473489723820e-26,8.85271216285753e-27,1.49685817132422e-26,9.35924658750587e-27,1.42426309785269e-27,-6.80970568647621e-27,1.81318666826374e-26,-6.40086558312884e-27,-2.73758523431181e-27,1.17169597054497e-26,-1.76420859700344e-26,-1.44589219612402e-26,-1.23433244935064e-26,-2.39037249060216e-26,-2.07582120752321e-27,&
1.14013936980651e-15,-1.26985636677092e-15,5.73851254896330e-15,-8.30223162623323e-15,-3.04371589544330e-14,-1.65509601374514e-14,-6.74207089627345e-27,-3.05575448277867e-26,-1.77385395824987e-26,-4.07177814401128e-27,-6.25753062436535e-28,-8.56768124550014e-27,-6.40086558312884e-27,1.41668318505189e-26,4.74227630543660e-27,7.60658790167423e-27,2.08778920922136e-26,7.03088407279874e-27,-6.06233525592040e-28,6.45510678669203e-27,2.59901348121236e-27,&
8.02471064590305e-16,2.22195268633142e-15,1.11870492847898e-15,-2.11583666322841e-15,-1.12426177288771e-14,-5.48992519313913e-15,-2.56350218384996e-27,-1.01726977218571e-26,-6.18712657267622e-27,-1.63639939946426e-27,-2.47145078856015e-28,-2.55472638724367e-27,-2.73758523431181e-27,4.74227630543660e-27,1.65679844437880e-27,2.06548246500654e-27,7.40907552610802e-27,2.78225815130404e-27,2.18082486650317e-28,3.05938682678285e-27,9.55779875908566e-28,&
-5.94617148548652e-16,1.35603033438386e-15,-9.78750778081341e-16,-2.71940247881314e-15,2.65287941067767e-14,-2.00335579454723e-14,3.75788878192874e-27,-2.51866051271707e-26,-3.26998981542364e-27,5.35451489897965e-27,6.13155259688452e-28,-1.70601108826687e-26,1.17169597054497e-26,7.60658790167423e-27,2.06548246500654e-27,2.14305662356921e-26,4.60296180408818e-27,-7.13301846346558e-27,-1.42623105103147e-26,-1.64145630745354e-26,1.53158515468777e-27,&
-8.64968670671984e-16,4.13997750886012e-15,-3.45270499404388e-15,7.33752058031043e-16,-6.04848894829576e-14,-2.34988756047175e-14,-1.43777100209170e-26,-4.49479129280099e-26,-3.03083722068297e-26,-9.99226503779092e-27,-1.65783120103971e-27,-8.13951375186826e-27,-1.76420859700344e-26,2.08778920922136e-26,7.40907552610802e-27,4.60296180408818e-27,3.62679879822854e-26,1.66270871643576e-26,4.95217922916519e-27,2.14980254523201e-26,5.01628068600713e-27,&
-8.10102345920764e-16,-3.02321813607248e-16,-3.01361750051171e-15,8.26481227767311e-15,-4.17479090040306e-14,-3.61783715059191e-15,-9.25546245900344e-27,-1.21919922563487e-26,-1.40793240013552e-26,-7.63814131246794e-27,-1.17618062503578e-27,3.42910203014568e-27,-1.44589219612402e-26,7.03088407279874e-27,2.78225815130404e-27,-7.13301846346558e-27,1.66270871643576e-26,1.19545120215860e-26,8.84629428181214e-27,1.89424612197034e-26,2.12759674393584e-27,&
2.39935286253148e-16,-8.40039726852385e-16,2.10805689961112e-16,1.15085368244648e-15,-3.30338070323463e-14,9.06384930834294e-15,-5.93266128018298e-27,7.77152362867674e-27,-4.60393620820034e-27,-6.08849808969830e-27,-8.09702254717959e-28,1.03322849905426e-26,-1.23433244935064e-26,-6.06233525592040e-28,2.18082486650317e-28,-1.42623105103147e-26,4.95217922916519e-27,8.84629428181214e-27,1.13226926558913e-26,1.64815687622834e-26,3.25982950094429e-31,&
-1.51321355635209e-15,5.73833438931700e-15,-1.01616787572945e-14,2.02390864257713e-14,-6.21148177421193e-14,2.16102989278227e-16,-1.40847503862696e-26,-8.95756134921908e-27,-1.79029322088664e-26,-1.22468115972652e-26,-1.89865320293260e-27,1.00210483279810e-26,-2.39037249060216e-26,6.45510678669203e-27,3.05938682678285e-27,-1.64145630745354e-26,2.14980254523201e-26,1.89424612197034e-26,1.64815687622834e-26,3.24420413850348e-26,2.92427215262578e-27,&
-9.01454436187541e-16,1.78514244288976e-15,-3.46539765939609e-15,6.24561820328611e-15,-5.01209764993329e-15,-4.53953465826967e-15,-1.90865751145592e-27,-7.13277579731906e-27,-3.95993459305437e-27,-1.18609442238002e-27,-2.55701490050856e-28,-1.76584409847425e-27,-2.07582120752321e-27,2.59901348121236e-27,9.55779875908566e-28,1.53158515468777e-27,5.01628068600713e-27,2.12759674393584e-27,3.25982950094429e-31,2.92427215262578e-27,1.01604331617310e-27  /),(/21,21/))