real(kind=GRID_SR),Parameter :: s_b_3(21,21) = reshape((/ &
0.0303030303030254,3.41343115388342e-15,-1.19904086658889e-15,1.86450181893515e-15,-3.37844230705648e-15,-2.16745813216691e-15,0.00722021721833573,-3.18659240407474e-15,2.86639399095297e-16,1.43555201396079e-15,1.11058048279650e-15,-0.00874224077090206,2.18655060386801e-15,4.07548574011962e-15,1.85139151484451e-15,0.00874224077090968,1.82270023989548e-15,-3.60099155878113e-15,-0.00722021721833634,-9.23625654070445e-15,0.00303030303031195,&
3.41343115388342e-15,3.74432497638864e-26,-5.16845673156687e-27,1.40461737370223e-27,-5.27431386601306e-27,-3.23079689344371e-27,5.60270992043546e-14,-1.60055954462687e-26,-2.58201437163358e-27,5.92505866628094e-27,1.48243420366942e-27,2.94847267854644e-14,2.84394264059570e-26,9.13700988373747e-27,2.51354839390920e-28,-4.26269557787648e-14,-1.32469461707573e-26,-1.08149142113511e-26,1.78017706866646e-14,-2.05802375402204e-26,-1.31991219301094e-14,&
-1.19904086658889e-15,-5.16845673156687e-27,8.00357809444515e-27,7.44498920915852e-27,-3.15476070997063e-27,-3.32395087032352e-27,-5.38023115649079e-15,2.40940733196548e-27,1.52275910859698e-26,-7.87967875349567e-28,7.51463276127290e-28,6.16448561301018e-15,-1.59601059820026e-26,-1.72712286520355e-26,-7.99300854807518e-28,1.76593620091747e-14,-4.94006356818173e-27,1.03028824442328e-28,2.69423007809804e-14,1.47085290355399e-26,9.49240686055118e-15,&
1.86450181893515e-15,1.40461737370223e-27,7.44498920915852e-27,9.12292132662139e-27,-5.99916955211488e-27,-5.27336078220746e-27,1.03820648719706e-14,-5.36937769385485e-27,1.53742348322629e-26,2.63145463700101e-28,1.37158310112788e-27,1.37425277881482e-14,-9.41403903859428e-27,-1.58397072778306e-26,-1.14364139204367e-28,2.32173203715592e-14,-6.06608633493699e-27,-3.02784997517620e-27,2.94522135816405e-14,1.12734620025178e-26,6.43256491844091e-15,&
-3.37844230705648e-15,-5.27431386601306e-27,-3.15476070997063e-27,-5.99916955211488e-27,6.16676878583602e-27,4.83538036763941e-27,-1.78754503750231e-14,1.23426124855172e-26,-5.85395467238136e-27,-6.59175607457603e-28,-1.45119159525967e-27,-2.30995974793247e-14,-1.96102881626669e-28,4.87399457753920e-27,-1.37970697756653e-27,-2.06650863886754e-14,1.31989752207807e-27,4.22517595760130e-27,-1.06864433543816e-14,-2.08340710015267e-27,-1.51798817623939e-15,&
-2.16745813216691e-15,-3.23079689344371e-27,-3.32395087032352e-27,-5.27336078220746e-27,4.83538036763941e-27,3.90876395193367e-27,-1.21120427969770e-14,8.48599640669650e-27,-6.15887708427766e-27,-3.79780388403984e-28,-1.15304414688969e-27,-1.80184445628186e-14,2.08741554688941e-27,5.71856787054286e-27,-9.01604516529783e-28,-1.64816654322613e-14,1.61362601777183e-27,3.01774262855000e-27,-1.11621186859582e-14,-3.34099691625521e-27,-2.48061777348553e-15,&
0.00722021721833573,5.60270992043546e-14,-5.38023115649079e-15,1.03820648719706e-14,-1.78754503750231e-14,-1.21120427969770e-14,0.172034071044496,-3.67168931078186e-14,1.54328464570394e-15,1.00880084197540e-14,5.15615598010851e-15,0.0208298895224976,3.39260231334070e-14,1.51718655506106e-14,5.10320198169604e-15,-0.0208298895224993,-1.11120084539635e-14,-2.26092326004086e-14,0.0172034071044073,-3.84864070579541e-14,-0.00722021721835493,&
-3.18659240407474e-15,-1.60055954462687e-26,2.40940733196548e-27,-5.36937769385485e-27,1.23426124855172e-26,8.48599640669650e-27,-3.67168931078186e-14,4.52123703884967e-26,7.73921875130893e-27,-1.21744254055692e-27,-2.24844283264832e-27,-6.90261241099158e-14,-2.83201391112216e-26,-9.82612666367583e-27,-4.62692678169335e-27,-5.65016866450311e-14,-6.07313428540941e-27,1.03264851191965e-26,1.13024821783273e-14,7.45361033662926e-27,1.66628495513349e-14,&
2.86639399095297e-16,-2.58201437163358e-27,1.52275910859698e-26,1.53742348322629e-26,-5.85395467238136e-27,-6.15887708427766e-27,1.54328464570394e-15,7.73921875130893e-27,3.48340833041850e-26,2.17869599369225e-28,1.16383519377639e-27,-1.03007102378773e-14,-2.39726040799320e-26,-3.74060743462236e-26,-3.52497422225458e-27,2.58848517709456e-14,-1.78666606140685e-26,-1.78420158832154e-27,7.10538879237841e-14,2.78609665782703e-26,1.32432785276945e-14,&
1.43555201396079e-15,5.92505866628094e-27,-7.87967875349567e-28,2.63145463700101e-28,-6.59175607457603e-28,-3.79780388403984e-28,1.00880084197540e-14,-1.21744254055692e-27,2.17869599369225e-28,1.06135803241495e-27,2.11256280261437e-28,1.68235465247135e-16,4.06440516593329e-27,1.06682804196626e-27,-1.11170534468365e-28,-7.93090402270356e-15,-2.58728242889838e-27,-1.69926337202206e-27,3.91596390780921e-15,-3.43917248903891e-27,-1.69830479645595e-15,&
1.11058048279650e-15,1.48243420366942e-27,7.51463276127290e-28,1.37158310112788e-27,-1.45119159525967e-27,-1.15304414688969e-27,5.15615598010851e-15,-2.24844283264832e-27,1.16383519377639e-27,2.11256280261437e-28,4.38121992325348e-28,6.61197995640619e-15,-1.11092742472493e-27,-7.07335905558818e-28,4.98388766069896e-28,1.94232323523192e-15,-5.97016209330871e-29,-9.77260802600256e-28,1.46229971089419e-15,-2.89339262571990e-28,1.60281615421200e-15,&
-0.00874224077090206,2.94847267854644e-14,6.16448561301018e-15,1.37425277881482e-14,-2.30995974793247e-14,-1.80184445628186e-14,0.0208298895224976,-6.90261241099158e-14,-1.03007102378773e-14,1.68235465247135e-16,6.61197995640619e-15,0.252208353197905,3.10492824008246e-15,9.66565480469709e-15,1.15616923077944e-14,0.0252208353198090,1.24549301366967e-14,-1.39482612455292e-14,-0.0208298895225115,-7.27182213270761e-15,0.00874224077091260,&
2.18655060386801e-15,2.84394264059570e-26,-1.59601059820026e-26,-9.41403903859428e-27,-1.96102881626669e-28,2.08741554688941e-27,3.39260231334070e-14,-2.83201391112216e-26,-2.39726040799320e-26,4.06440516593329e-27,-1.11092742472493e-27,3.10492824008246e-15,5.95819635576483e-26,2.85904554603192e-26,1.52739131395497e-28,-5.16510360446876e-15,-1.40177351899817e-27,-8.20695608228201e-27,-2.20329725139258e-14,-2.65415022375908e-26,-3.99507867864814e-14,&
4.07548574011962e-15,9.13700988373747e-27,-1.72712286520355e-26,-1.58397072778306e-26,4.87399457753920e-27,5.71856787054286e-27,1.51718655506106e-14,-9.82612666367583e-27,-3.74060743462236e-26,1.06682804196626e-27,-7.07335905558818e-28,9.66565480469709e-15,2.85904554603192e-26,4.24743574251851e-26,4.28961729490653e-27,-3.55480138100075e-14,1.76958390670736e-26,-3.88720745507415e-28,-7.53225390951535e-14,-3.56159661910225e-26,-1.38722787466073e-14,&
1.85139151484451e-15,2.51354839390920e-28,-7.99300854807518e-28,-1.14364139204367e-28,-1.37970697756653e-27,-9.01604516529783e-28,5.10320198169604e-15,-4.62692678169335e-27,-3.52497422225458e-27,-1.11170534468365e-28,4.98388766069896e-28,1.15616923077944e-14,1.52739131395497e-28,4.28961729490653e-27,1.50617157107566e-27,3.70648249280478e-15,3.97920649999147e-27,-7.40244248986797e-28,-1.06453604935873e-14,-3.56328767292842e-27,1.44666475768510e-15,&
0.00874224077090968,-4.26269557787648e-14,1.76593620091747e-14,2.32173203715592e-14,-2.06650863886754e-14,-1.64816654322613e-14,-0.0208298895224993,-5.65016866450311e-14,2.58848517709456e-14,-7.93090402270356e-15,1.94232323523192e-15,0.0252208353198090,-5.16510360446876e-15,-3.55480138100075e-14,3.70648249280478e-15,0.252208353197984,1.73326696513272e-14,-3.69341768746918e-15,0.0208298895225171,5.25970875277121e-14,-0.00874224077089090,&
1.82270023989548e-15,-1.32469461707573e-26,-4.94006356818173e-27,-6.06608633493699e-27,1.31989752207807e-27,1.61362601777183e-27,-1.11120084539635e-14,-6.07313428540941e-27,-1.78666606140685e-26,-2.58728242889838e-27,-5.97016209330871e-29,1.24549301366967e-14,-1.40177351899817e-27,1.76958390670736e-26,3.97920649999147e-27,1.73326696513272e-14,1.90371445168696e-26,3.26447074957178e-27,-5.18675590269474e-14,-8.37111993922189e-27,2.40539911221038e-15,&
-3.60099155878113e-15,-1.08149142113511e-26,1.03028824442328e-28,-3.02784997517620e-27,4.22517595760130e-27,3.01774262855000e-27,-2.26092326004086e-14,1.03264851191965e-26,-1.78420158832154e-27,-1.69926337202206e-27,-9.77260802600256e-28,-1.39482612455292e-14,-8.20695608228201e-27,-3.88720745507415e-28,-7.40244248986797e-28,-3.69341768746918e-15,3.26447074957178e-27,4.67367498422645e-27,-8.06599449753026e-15,4.16127511673504e-27,3.48996925637296e-15,&
-0.00722021721833634,1.78017706866646e-14,2.69423007809804e-14,2.94522135816405e-14,-1.06864433543816e-14,-1.11621186859582e-14,0.0172034071044073,1.13024821783273e-14,7.10538879237841e-14,3.91596390780921e-15,1.46229971089419e-15,-0.0208298895225115,-2.20329725139258e-14,-7.53225390951535e-14,-1.06453604935873e-14,0.0208298895225171,-5.18675590269474e-14,-8.06599449753026e-15,0.172034071044444,5.12239554796206e-14,0.00722021721838874,&
-9.23625654070445e-15,-2.05802375402204e-26,1.47085290355399e-26,1.12734620025178e-26,-2.08340710015267e-27,-3.34099691625521e-27,-3.84864070579541e-14,7.45361033662926e-27,2.78609665782703e-26,-3.43917248903891e-27,-2.89339262571990e-28,-7.27182213270761e-15,-2.65415022375908e-26,-3.56159661910225e-26,-3.56328767292842e-27,5.25970875277121e-14,-8.37111993922189e-27,4.16127511673504e-27,5.12239554796206e-14,3.73183201760456e-26,9.79229323893081e-15,&
0.00303030303031195,-1.31991219301094e-14,9.49240686055118e-15,6.43256491844091e-15,-1.51798817623939e-15,-2.48061777348553e-15,-0.00722021721835493,1.66628495513349e-14,1.32432785276945e-14,-1.69830479645595e-15,1.60281615421200e-15,0.00874224077091260,-3.99507867864814e-14,-1.38722787466073e-14,1.44666475768510e-15,-0.00874224077089090,2.40539911221038e-15,3.48996925637296e-15,0.00722021721838874,9.79229323893081e-15,0.0303030303030315  /),(/21,21/))