real(kind=GRID_SR),Parameter :: s_b_2(10,10) = reshape((/ &
9.71102347320468e-31,-4.39892583995398e-32,6.20044094041773e-31,1.36394183925489e-16,1.62218163067647e-31,5.35605894046655e-31,4.46579911371599e-16,-3.12174344811249e-32,-1.01131093262137e-16,-3.88210188045992e-17,&
-4.39892583995398e-32,4.19408514323985e-30,-2.58300165166301e-30,1.19023783691550e-16,-1.86758448801463e-30,2.24739043704363e-30,-3.68522367821095e-16,6.71338062703492e-31,-1.00604301840353e-15,1.19594479746085e-16,&
6.20044094041773e-31,-2.58300165166301e-30,4.88833166626800e-30,1.10068558869814e-16,5.61974272994264e-30,-1.39270893306203e-30,6.10938128025437e-16,-1.47023176224563e-30,1.00847229998384e-15,2.51457624866963e-16,&
1.36394183925489e-16,1.19023783691550e-16,1.10068558869814e-16,0.0714285714285714,1.55069361894928e-16,1.83821927186782e-16,0.0266198568749974,-1.21515286614441e-17,-0.0266198568749976,0.0119047619047619,&
1.62218163067647e-31,-1.86758448801463e-30,5.61974272994264e-30,1.55069361894928e-16,9.25649786687923e-30,-1.61343224079699e-30,4.38612373347166e-16,-2.27765650203010e-30,1.18623155350438e-15,6.58995490833411e-16,&
5.35605894046655e-31,2.24739043704363e-30,-1.39270893306203e-30,1.83821927186782e-16,-1.61343224079699e-30,2.60765054396081e-30,-5.20429671489319e-17,5.27915010386016e-31,-7.76881612774010e-16,3.17614134133415e-17,&
4.46579911371599e-16,-3.68522367821095e-16,6.10938128025437e-16,0.0266198568749974,4.38612373347166e-16,-5.20429671489319e-17,0.357142857142856,-1.18776548629177e-16,0.0595238095238095,-0.0266198568749977,&
-3.12174344811249e-32,6.71338062703492e-31,-1.47023176224563e-30,-1.21515286614441e-17,-2.27765650203010e-30,5.27915010386016e-31,-1.18776548629177e-16,6.29119110280087e-31,-3.43204387816887e-16,-1.45301194988616e-16,&
-1.01131093262137e-16,-1.00604301840353e-15,1.00847229998384e-15,-0.0266198568749976,1.18623155350438e-15,-7.76881612774010e-16,0.0595238095238095,-3.43204387816887e-16,0.357142857142859,0.0266198568749976,&
-3.88210188045992e-17,1.19594479746085e-16,2.51457624866963e-16,0.0119047619047619,6.58995490833411e-16,3.17614134133415e-17,-0.0266198568749977,-1.45301194988616e-16,0.0266198568749976,0.0714285714285714  /),(/10,10/))