real(kind=GRID_SR),Parameter :: s_b_1(28,28) = reshape((/ &
0.0219780219779923,0.00441591271488014,-0.00551481381387254,0.00586080586086531,-0.00551481381389952,0.00441591271464800,-0.00183150183169453,-1.13104965305316e-14,3.14051534430760e-14,-3.75927073770342e-15,2.96164130575272e-14,-1.45176625805975e-14,-5.37634207012736e-15,6.16225278697007e-15,-5.52873574381955e-14,6.98257396876924e-14,-3.79768081912180e-14,-2.12626545892167e-14,-2.54457438436165e-14,9.59212359628392e-14,-6.73787709870743e-14,-3.71819965564251e-14,5.24272237106257e-14,-4.06216189579125e-14,-2.64974161502406e-14,-3.76054220776272e-14,9.13875490887062e-16,1.60805510628251e-14,&
0.00441591271488014,0.127765868013395,0.0132967032963678,-0.0141309206873899,0.0132967032962658,-0.0106471556674191,0.00441591271464083,3.00281613658548e-14,-8.83176350749261e-14,2.54109622590383e-14,-8.12864846737762e-14,4.63991612946386e-14,2.16176616665142e-14,-1.37058722494716e-14,1.50634029414328e-13,-1.74938920071551e-13,8.76433369543814e-14,4.84110114376689e-14,6.64124786148084e-14,-2.55799331161534e-13,1.64786458809218e-13,8.88014764102063e-14,-1.38460252513503e-13,8.57412315812306e-14,7.09325484822228e-14,9.78103508484250e-14,1.96223482102732e-14,-4.07120149677792e-14,&
-0.00551481381387254,0.0132967032963678,0.199267099019938,0.0176474042041913,-0.0166055915850796,0.0132967032958955,-0.00551481381450461,-3.82953469556267e-14,1.54976613374487e-13,-1.49038784084373e-15,1.13741961108837e-13,-4.41796724321137e-14,-5.70880100675253e-15,2.63724902090735e-14,-2.59548332649230e-13,2.07809621472922e-13,-1.17846819057604e-13,-7.56511202114774e-14,-1.06525624035679e-13,3.93710809012315e-13,-2.19323081982113e-13,-1.22629548087912e-13,2.17646391313774e-13,-1.27160393003719e-13,-1.16641439150448e-13,-1.39556754877970e-13,-4.06160105630783e-14,4.70854874897536e-14,&
0.00586080586086531,-0.0141309206873899,0.0176474042041913,0.225054945054902,0.0176474042042833,-0.0141309206881306,0.00586080586050382,5.75916837739603e-14,-2.38798136317706e-13,-1.54116632587316e-14,-1.46379917334241e-13,2.66786900899525e-14,6.90221797139653e-15,-4.70443087112617e-14,4.25390205943878e-13,-2.11361237198235e-13,1.35199715894093e-13,8.47883411669143e-14,1.62176284412552e-13,-5.71977011930442e-13,2.60600630237134e-13,1.48919235615131e-13,-3.30135462132405e-13,1.50748447859024e-13,1.76307494886573e-13,1.98853406680708e-13,1.09319014046360e-13,-5.16413037397203e-14,&
-0.00551481381389952,0.0132967032962658,-0.0166055915850796,0.0176474042042833,0.199267099020048,0.0132967032964801,-0.00551481381399737,-1.41185403317945e-13,2.71577978042798e-13,1.38426263630803e-13,2.33184929139017e-13,6.00144919152664e-14,1.76610830284939e-14,1.18844548781830e-13,-5.29095022792223e-13,9.04504033104390e-14,-1.32193066973182e-13,-7.37320715275102e-14,-2.49334403204253e-13,7.12121621843841e-13,-3.02872975564362e-13,-1.39909693031123e-13,4.78830154504278e-13,-2.62963801991388e-13,-2.05693043883096e-13,-3.14063192846959e-13,-1.57580367964785e-13,6.82419532056551e-14,&
0.00441591271464800,-0.0106471556674191,0.0132967032958955,-0.0141309206881306,0.0132967032964801,0.127765868012542,0.00441591271486498,1.46698240054391e-12,1.10948993629358e-12,-4.96121774906341e-13,-9.72012268492311e-13,-3.44531524244655e-13,-1.39358792344940e-13,-1.41206859914996e-12,-2.65645932924184e-12,5.65731463404046e-14,2.16941304548385e-13,-1.14584225417860e-13,-1.67084888111719e-13,-1.39410001569598e-12,1.42901671813355e-12,5.62751447851594e-14,-5.19596205413631e-13,4.39376421595955e-12,1.31443384556227e-13,1.76560682803405e-12,2.20017358623324e-13,-2.79995547487546e-13,&
-0.00183150183169453,0.00441591271464083,-0.00551481381450461,0.00586080586050382,-0.00551481381399737,0.00441591271486498,0.0219780219780677,1.10817743837637e-12,5.74896331438705e-13,-2.17405831500828e-13,-1.04518521031912e-12,1.26904925345605e-13,4.08043098252518e-14,-1.05663541456072e-12,-1.80683864242807e-12,-1.16899084931849e-12,7.93346297408938e-13,2.71282599308862e-13,1.61428912118763e-13,-1.12150836033691e-12,1.50240653606136e-12,5.46382119789812e-13,-5.36740379887624e-13,2.44766573501360e-12,3.93018857425077e-13,1.12337313329189e-12,4.40828822206305e-14,-3.04260631422861e-13,&
-1.13104965305316e-14,3.00281613658548e-14,-3.82953469556267e-14,5.75916837739603e-14,-1.41185403317945e-13,1.46698240054391e-12,1.10817743837637e-12,6.83618973113298e-23,3.93339099104938e-23,-1.53956992698510e-23,-6.03524120081829e-23,2.89653759110361e-24,6.60531869429009e-25,-6.53496795971101e-23,-1.15095386818548e-22,-5.64942039411814e-23,4.08054868221632e-23,1.20757869444727e-23,6.01411294390453e-24,-6.71752679584955e-23,8.68867335753471e-23,2.70915727336094e-23,-3.06301914342411e-23,1.61797309466696e-22,2.02462763872153e-23,7.15940249591544e-23,4.09304900439999e-24,-1.74914446738540e-23,&
3.14051534430760e-14,-8.83176350749261e-14,1.54976613374487e-13,-2.38798136317706e-13,2.71577978042798e-13,1.10948993629358e-12,5.74896331438705e-13,3.93339099104938e-23,2.46739837107323e-23,-8.99117872727891e-24,-3.35857484328624e-23,9.22153738121593e-25,9.90870935708369e-26,-3.77073472362649e-23,-6.97600120363695e-23,-2.95709006738681e-23,2.18126497138079e-23,5.90523121226893e-24,1.95834362212148e-24,-3.56540455044711e-23,4.81936765617537e-23,1.40089850522408e-23,-1.55415967100433e-23,9.46824434380355e-23,1.02843509978577e-23,4.07549152051695e-23,2.05099529054519e-24,-9.65490464427984e-24,&
-3.75927073770342e-15,2.54109622590383e-14,-1.49038784084373e-15,-1.54116632587316e-14,1.38426263630803e-13,-4.96121774906341e-13,-2.17405831500828e-13,-1.53956992698510e-23,-8.99117872727891e-24,3.86258038001870e-24,1.30948458010622e-23,1.63779809970223e-25,1.57346209053783e-25,1.47175057362275e-23,2.54844310943653e-23,1.03472357724972e-23,-8.00620454179841e-24,-2.07192565069589e-24,-1.02679889281370e-24,1.57003685804718e-23,-1.89204229727996e-23,-5.21310309234081e-24,7.07711804296595e-24,-3.81901804215599e-23,-4.16431104018430e-24,-1.67581688680324e-23,-1.32168228039653e-24,3.80133414012514e-24,&
2.96164130575272e-14,-8.12864846737762e-14,1.13741961108837e-13,-1.46379917334241e-13,2.33184929139017e-13,-9.72012268492311e-13,-1.04518521031912e-12,-6.03524120081829e-23,-3.35857484328624e-23,1.30948458010622e-23,5.44132101878826e-23,-3.85236625771573e-24,-1.07172449086026e-24,5.76451047233447e-23,1.00411230786189e-22,5.40303877213346e-23,-3.82074994842841e-23,-1.19181445658067e-23,-6.43243858240146e-24,6.00128701424500e-23,-7.82855099578560e-23,-2.57057351317519e-23,2.78273040725650e-23,-1.39934234048535e-22,-1.89920391809288e-23,-6.26418217252026e-23,-3.29641863246134e-24,1.57906430620672e-23,&
-1.45176625805975e-14,4.63991612946386e-14,-4.41796724321137e-14,2.66786900899525e-14,6.00144919152664e-14,-3.44531524244655e-13,1.26904925345605e-13,2.89653759110361e-24,9.22153738121593e-25,1.63779809970223e-25,-3.85236625771573e-24,1.96693922541288e-24,7.22093118418252e-25,-2.74896915295865e-24,-4.96703556595148e-24,-7.95641242910771e-24,4.56471693954499e-24,2.09296922204907e-24,1.29879644687467e-24,-2.26312320507242e-24,5.38287914355506e-24,3.34124607872520e-24,-1.39268427718410e-24,2.73967293202025e-24,1.98992885482268e-24,1.77471517574996e-24,-5.81956212957094e-25,-1.10878495370558e-24,&
-5.37634207012736e-15,2.16176616665142e-14,-5.70880100675253e-15,6.90221797139653e-15,1.76610830284939e-14,-1.39358792344940e-13,4.08043098252518e-14,6.60531869429009e-25,9.90870935708369e-26,1.57346209053783e-25,-1.07172449086026e-24,7.22093118418252e-25,2.68482946394684e-25,-6.23681782700962e-25,-1.14395620202036e-24,-2.64072992850536e-24,1.46310995471736e-24,7.12338342740449e-25,4.53354865128740e-25,-4.25010491092111e-25,1.47815171319137e-24,1.08797126790693e-24,-3.31937835380032e-25,4.09155493764740e-27,6.22083377268376e-25,2.15263731438775e-25,-2.44852452137724e-25,-3.07331002130012e-25,&
6.16225278697007e-15,-1.37058722494716e-14,2.63724902090735e-14,-4.70443087112617e-14,1.18844548781830e-13,-1.41206859914996e-12,-1.05663541456072e-12,-6.53496795971101e-23,-3.77073472362649e-23,1.47175057362275e-23,5.76451047233447e-23,-2.74896915295865e-24,-6.23681782700962e-25,6.24773226016331e-23,1.10228772800964e-22,5.39068851213761e-23,-3.89497604187508e-23,-1.15051372461537e-23,-5.67877441412317e-24,6.40263938167788e-23,-8.29707992440008e-23,-2.58354542306280e-23,2.91604820373242e-23,-1.54690191681763e-22,-1.92920510446981e-23,-6.83916997791176e-23,-3.88728218400093e-24,1.66999994116366e-23,&
-5.52873574381955e-14,1.50634029414328e-13,-2.59548332649230e-13,4.25390205943878e-13,-5.29095022792223e-13,-2.65645932924184e-12,-1.80683864242807e-12,-1.15095386818548e-22,-6.97600120363695e-23,2.54844310943653e-23,1.00411230786189e-22,-4.96703556595148e-24,-1.14395620202036e-24,1.10228772800964e-22,2.01122042014842e-22,9.39761253932944e-23,-6.77771710334494e-23,-1.95824152224484e-23,-7.96578408276411e-24,1.06401394400414e-22,-1.44068007238517e-22,-4.42978627643389e-23,4.73710892419034e-23,-2.71999847817600e-22,-3.22836893993499e-23,-1.18510817054123e-22,-5.60704875556630e-24,2.89262033583886e-23,&
6.98257396876924e-14,-1.74938920071551e-13,2.07809621472922e-13,-2.11361237198235e-13,9.04504033104390e-14,5.65731463404046e-14,-1.16899084931849e-12,-5.64942039411814e-23,-2.95709006738681e-23,1.03472357724972e-23,5.40303877213346e-23,-7.95641242910771e-24,-2.64072992850536e-24,5.39068851213761e-23,9.39761253932944e-23,6.37470300695350e-23,-4.24915678780315e-23,-1.49142964496407e-23,-8.55521056188863e-24,5.50033194139384e-23,-7.73662533997223e-23,-2.92833305531549e-23,2.64028964659782e-23,-1.21277006224090e-22,-2.05073401563302e-23,-5.57257622459395e-23,-1.34011308229222e-24,1.56653185968699e-23,&
-3.79768081912180e-14,8.76433369543814e-14,-1.17846819057604e-13,1.35199715894093e-13,-1.32193066973182e-13,2.16941304548385e-13,7.93346297408938e-13,4.08054868221632e-23,2.18126497138079e-23,-8.00620454179841e-24,-3.82074994842841e-23,4.56471693954499e-24,1.46310995471736e-24,-3.89497604187508e-23,-6.77771710334494e-23,-4.24915678780315e-23,2.88874507343708e-23,9.76776932795593e-24,5.53171856327640e-24,-4.01156176150855e-23,5.47929058966812e-23,1.97565275239318e-23,-1.90312304674687e-23,9.01907585771299e-23,1.41009079294343e-23,4.10524774384521e-23,1.45958675179860e-24,-1.10797312772637e-23,&
-2.12626545892167e-14,4.84110114376689e-14,-7.56511202114774e-14,8.47883411669143e-14,-7.37320715275102e-14,-1.14584225417860e-13,2.71282599308862e-13,1.20757869444727e-23,5.90523121226893e-24,-2.07192565069589e-24,-1.19181445658067e-23,2.09296922204907e-24,7.12338342740449e-25,-1.15051372461537e-23,-1.95824152224484e-23,-1.49142964496407e-23,9.76776932795593e-24,3.58673288237083e-24,2.21497114551964e-24,-1.20909329552377e-23,1.70556880970691e-23,6.83005242848840e-24,-5.96178839513420e-24,2.50291406248514e-23,4.75986990543435e-24,1.17721686420439e-23,2.14657730133455e-25,-3.46325756967351e-24,&
-2.54457438436165e-14,6.64124786148084e-14,-1.06525624035679e-13,1.62176284412552e-13,-2.49334403204253e-13,-1.67084888111719e-13,1.61428912118763e-13,6.01411294390453e-24,1.95834362212148e-24,-1.02679889281370e-24,-6.43243858240146e-24,1.29879644687467e-24,4.53354865128740e-25,-5.67877441412317e-24,-7.96578408276411e-24,-8.55521056188863e-24,5.53171856327640e-24,2.21497114551964e-24,1.80422299967301e-24,-7.53074556439000e-24,9.27602116801740e-24,4.05964461677862e-24,-4.00674897956583e-24,1.18657283841686e-23,2.98824697372069e-24,6.14236245532722e-24,3.06903529563624e-25,-1.90427780842925e-24,&
9.59212359628392e-14,-2.55799331161534e-13,3.93710809012315e-13,-5.71977011930442e-13,7.12121621843841e-13,-1.39410001569598e-12,-1.12150836033691e-12,-6.71752679584955e-23,-3.56540455044711e-23,1.57003685804718e-23,6.00128701424500e-23,-2.26312320507242e-24,-4.25010491092111e-25,6.40263938167788e-23,1.06401394400414e-22,5.50033194139384e-23,-4.01156176150855e-23,-1.20909329552377e-23,-7.53074556439000e-24,7.24297863708300e-23,-8.70040707865336e-23,-2.71998856668498e-23,3.39101451115110e-23,-1.60788763657057e-22,-2.12065522354780e-23,-7.26437429516115e-23,-5.39663446659050e-24,1.75796472929082e-23,&
-6.73787709870743e-14,1.64786458809218e-13,-2.19323081982113e-13,2.60600630237134e-13,-3.02872975564362e-13,1.42901671813355e-12,1.50240653606136e-12,8.68867335753471e-23,4.81936765617537e-23,-1.89204229727996e-23,-7.82855099578560e-23,5.38287914355506e-24,1.47815171319137e-24,-8.29707992440008e-23,-1.44068007238517e-22,-7.73662533997223e-23,5.47929058966812e-23,1.70556880970691e-23,9.27602116801740e-24,-8.70040707865336e-23,1.12756737483969e-22,3.68950923460195e-23,-4.03450764821653e-23,2.02042779707563e-22,2.73496269036058e-23,9.04963759534282e-23,4.89217465948308e-24,-2.27487242057076e-23,&
-3.71819965564251e-14,8.88014764102063e-14,-1.22629548087912e-13,1.48919235615131e-13,-1.39909693031123e-13,5.62751447851594e-14,5.46382119789812e-13,2.70915727336094e-23,1.40089850522408e-23,-5.21310309234081e-24,-2.57057351317519e-23,3.34124607872520e-24,1.08797126790693e-24,-2.58354542306280e-23,-4.42978627643389e-23,-2.92833305531549e-23,1.97565275239318e-23,6.83005242848840e-24,4.05964461677862e-24,-2.71998856668498e-23,3.68950923460195e-23,1.36235247425891e-23,-1.30630560224234e-23,5.92308710912429e-23,9.73243181766306e-24,2.72438179504460e-23,9.63476006375504e-25,-7.47209408415234e-24,&
5.24272237106257e-14,-1.38460252513503e-13,2.17646391313774e-13,-3.30135462132405e-13,4.78830154504278e-13,-5.19596205413631e-13,-5.36740379887624e-13,-3.06301914342411e-23,-1.55415967100433e-23,7.07711804296595e-24,2.78273040725650e-23,-1.39268427718410e-24,-3.31937835380032e-25,2.91604820373242e-23,4.73710892419034e-23,2.64028964659782e-23,-1.90312304674687e-23,-5.96178839513420e-24,-4.00674897956583e-24,3.39101451115110e-23,-4.03450764821653e-23,-1.30630560224234e-23,1.61388944201663e-23,-7.24418382615425e-23,-1.01914070984533e-23,-3.31532907105233e-23,-2.50883724303838e-24,8.16818024871132e-24,&
-4.06216189579125e-14,8.57412315812306e-14,-1.27160393003719e-13,1.50748447859024e-13,-2.62963801991388e-13,4.39376421595955e-12,2.44766573501360e-12,1.61797309466696e-22,9.46824434380355e-23,-3.81901804215599e-23,-1.39934234048535e-22,2.73967293202025e-24,4.09155493764740e-27,-1.54690191681763e-22,-2.71999847817600e-22,-1.21277006224090e-22,9.01907585771299e-23,2.50291406248514e-23,1.18657283841686e-23,-1.60788763657057e-22,2.02042779707563e-22,5.92308710912429e-23,-7.24418382615425e-23,3.92682021137335e-22,4.54071060604119e-23,1.72505692520748e-22,1.14075399391523e-23,-4.06248234073747e-23,&
-2.64974161502406e-14,7.09325484822228e-14,-1.16641439150448e-13,1.76307494886573e-13,-2.05693043883096e-13,1.31443384556227e-13,3.93018857425077e-13,2.02462763872153e-23,1.02843509978577e-23,-4.16431104018430e-24,-1.89920391809288e-23,1.98992885482268e-24,6.22083377268376e-25,-1.92920510446981e-23,-3.22836893993499e-23,-2.05073401563302e-23,1.41009079294343e-23,4.75986990543435e-24,2.98824697372069e-24,-2.12065522354780e-23,2.73496269036058e-23,9.73243181766306e-24,-1.01914070984533e-23,4.54071060604119e-23,7.16619855104079e-24,2.09148335363261e-23,1.06663836741564e-24,-5.53975429603815e-24,&
-3.76054220776272e-14,9.78103508484250e-14,-1.39556754877970e-13,1.98853406680708e-13,-3.14063192846959e-13,1.76560682803405e-12,1.12337313329189e-12,7.15940249591544e-23,4.07549152051695e-23,-1.67581688680324e-23,-6.26418217252026e-23,1.77471517574996e-24,2.15263731438775e-25,-6.83916997791176e-23,-1.18510817054123e-22,-5.57257622459395e-23,4.10524774384521e-23,1.17721686420439e-23,6.14236245532722e-24,-7.26437429516115e-23,9.04963759534282e-23,2.72438179504460e-23,-3.31532907105233e-23,1.72505692520748e-22,2.09148335363261e-23,7.64328430167705e-23,5.13536228432210e-24,-1.82237736928523e-23,&
9.13875490887062e-16,1.96223482102732e-14,-4.06160105630783e-14,1.09319014046360e-13,-1.57580367964785e-13,2.20017358623324e-13,4.40828822206305e-14,4.09304900439999e-24,2.05099529054519e-24,-1.32168228039653e-24,-3.29641863246134e-24,-5.81956212957094e-25,-2.44852452137724e-25,-3.88728218400093e-24,-5.60704875556630e-24,-1.34011308229222e-24,1.45958675179860e-24,2.14657730133455e-25,3.06903529563624e-25,-5.39663446659050e-24,4.89217465948308e-24,9.63476006375504e-25,-2.50883724303838e-24,1.14075399391523e-23,1.06663836741564e-24,5.13536228432210e-24,7.72684265689625e-25,-9.86537327681065e-25,&
1.60805510628251e-14,-4.07120149677792e-14,4.70854874897536e-14,-5.16413037397203e-14,6.82419532056551e-14,-2.79995547487546e-13,-3.04260631422861e-13,-1.74914446738540e-23,-9.65490464427984e-24,3.80133414012514e-24,1.57906430620672e-23,-1.10878495370558e-24,-3.07331002130012e-25,1.66999994116366e-23,2.89262033583886e-23,1.56653185968699e-23,-1.10797312772637e-23,-3.46325756967351e-24,-1.90427780842925e-24,1.75796472929082e-23,-2.27487242057076e-23,-7.47209408415234e-24,8.16818024871132e-24,-4.06248234073747e-23,-5.53975429603815e-24,-1.82237736928523e-23,-9.86537327681065e-25,4.59117177843283e-24  /),(/28,28/))