real(kind=GRID_SR),Parameter :: s_b_3(10,10) = reshape((/ &
0.0714285714285713,6.34413156928620e-17,2.00897499694081e-16,1.48874384701133e-31,0.0266198568749974,-5.55111512312578e-17,1.19117678683739e-16,-0.0266198568749964,1.04083408558609e-16,0.0119047619047621,&
6.34413156928620e-17,7.92092065401990e-30,-7.33500507524348e-30,-4.26863112873986e-31,-9.85681249520584e-16,9.14585611990634e-31,1.57990453104564e-30,-1.49844276807820e-15,-3.64740316587829e-30,2.44513404232944e-17,&
2.00897499694081e-16,-7.33500507524348e-30,9.10931847753265e-30,3.58993341633781e-31,7.11212866776795e-16,-1.29422492262834e-31,-2.38995066565495e-30,1.57862212151260e-15,3.67929656575735e-30,3.03328790656521e-16,&
1.48874384701133e-31,-4.26863112873986e-31,3.58993341633781e-31,2.63467216392174e-32,8.06163052199236e-17,-9.42935300771999e-32,-2.81185771880537e-32,6.51004667621283e-17,2.27413807833243e-31,-6.93889390390716e-18,&
0.0266198568749974,-9.85681249520584e-16,7.11212866776795e-16,8.06163052199236e-17,0.357142857142857,-4.51794303172674e-16,2.18985094565811e-16,0.0595238095238106,7.38412163810141e-16,-0.0266198568749968,&
-5.55111512312578e-17,9.14585611990634e-31,-1.29422492262834e-31,-9.42935300771999e-32,-4.51794303172674e-16,8.64460075304696e-31,-8.52544988715413e-31,4.47125274767783e-17,-7.69139382590492e-31,1.66533453693773e-16,&
1.19117678683739e-16,1.57990453104564e-30,-2.38995066565495e-30,-2.81185771880537e-32,2.18985094565811e-16,-8.52544988715413e-31,1.76023577150512e-30,-5.77494612934352e-16,-2.87733933691448e-31,-2.37078875050164e-16,&
-0.0266198568749964,-1.49844276807820e-15,1.57862212151260e-15,6.51004667621283e-17,0.0595238095238106,4.47125274767783e-17,-5.77494612934352e-16,0.357142857142857,5.52222102316595e-16,0.0266198568749976,&
1.04083408558609e-16,-3.64740316587829e-30,3.67929656575735e-30,2.27413807833243e-31,7.38412163810141e-16,-7.69139382590492e-31,-2.87733933691448e-31,5.52222102316595e-16,2.17568453957534e-30,2.08166817117215e-17,&
0.0119047619047621,2.44513404232944e-17,3.03328790656521e-16,-6.93889390390716e-18,-0.0266198568749968,1.66533453693773e-16,-2.37078875050164e-16,0.0266198568749976,2.08166817117215e-17,0.0714285714285715  /),(/10,10/))