real(kind=GRID_SR),Parameter :: s_b_1(36,36) = reshape((/ &
0.0166666666666850,0.00289158759862820,-0.00367921388073110,0.00404566588983869,-0.00404566588927660,0.00367921387749188,-0.00289158759683381,0.00119047619079103,1.73266449744133e-12,-1.62923786842975e-12,7.54518522298289e-13,1.95233478122713e-13,-3.93352995878267e-13,-5.76072444448854e-13,-6.61560044184213e-14,-2.54223239832560e-12,3.15907947194621e-13,4.03521842599377e-13,1.03624037162389e-12,-1.90715008257796e-12,-3.74626693308373e-13,2.51946548152194e-12,3.45205612726074e-12,2.92286313152722e-12,-3.39323249503118e-12,-9.84789990575029e-13,-1.02495112477472e-12,9.29699700843703e-13,-4.97214810674471e-12,-1.64205767563699e-12,1.12635571119268e-12,-4.49137728593580e-12,-5.72688050155530e-13,-2.05632569476990e-12,7.95934872700470e-13,9.30042688964660e-13,&
0.00289158759862820,0.0983286393462644,0.00893656615338080,-0.00982665374464579,0.00982665374604503,-0.00893656616681657,0.00702347424356388,-0.00289158760215326,-4.48709111814961e-12,4.11794219321655e-12,-1.93761413481045e-12,-4.91981343662454e-13,7.58247527603219e-13,1.52173040634502e-12,2.84125441292088e-13,6.49496422125605e-12,-7.44694879210628e-13,-1.00397002187874e-12,-2.77875953747276e-12,4.82889193497937e-12,9.59467292659709e-13,-6.36666218385643e-12,-8.64542933158569e-12,-7.74315314523390e-12,8.55187037304789e-12,2.55172527466615e-12,2.55123474903605e-12,-3.05597661503359e-12,1.24974197771001e-11,4.22054785406279e-12,-3.05774316749502e-12,1.12946572661266e-11,1.65417368497094e-12,5.23782487942465e-12,-1.83471389145724e-12,-2.31182233874559e-12,&
-0.00367921388073110,0.00893656615338080,0.159190589825456,0.0125032908836673,-0.0125032908866648,0.0113707564316550,-0.00893656627222967,0.00367921387433781,6.58951089030791e-12,-5.82621685898257e-12,2.76844804222484e-12,3.54870322930981e-13,-1.00900539565782e-12,-2.02291019616012e-12,-3.92793320210624e-13,-9.37727363164263e-12,9.49670986239780e-13,1.35875356330072e-12,4.78198833348404e-12,-7.02125414515700e-12,-1.38608452239187e-12,8.92870108304592e-12,1.19081411599646e-11,1.18871138960079e-11,-1.18809983331980e-11,-3.85132376788616e-12,-3.46596334035673e-12,6.68954901817676e-12,-1.73634763496234e-11,-6.14226627313651e-12,4.97825980675921e-12,-1.56578232243762e-11,-2.77607134437003e-12,-7.48987984967236e-12,1.92705207677026e-12,3.12758284992833e-12,&
0.00404566588983869,-0.00982665374464579,0.0125032908836673,0.192480770840393,0.0137486264873236,-0.0125032908781889,0.00982665369219719,-0.00404566589235680,-9.21221492641450e-12,7.53089564046682e-12,-3.88006118121222e-12,-2.32452247410095e-13,5.62008752465295e-13,2.58019648615785e-12,8.16473922592379e-13,1.26221963396770e-11,-1.28511836113971e-12,-1.88150899997066e-12,-7.84635102493259e-12,9.58133465536117e-12,1.90404132882745e-12,-1.16143743760749e-11,-1.50980974854143e-11,-1.76038363272648e-11,1.53329907950929e-11,5.51079377835544e-12,4.22791815651418e-12,-1.35242111722180e-11,2.23857337163761e-11,8.50872630860610e-12,-7.83185235556051e-12,2.02078879520141e-11,4.64942529338191e-12,1.00688918213833e-11,-1.26647981822620e-12,-3.85310597027108e-12,&
-0.00404566588927660,0.00982665374604503,-0.0125032908866648,0.0137486264873236,0.192480770841641,0.0125032908801057,-0.00982665378332632,0.00404566588793590,1.29384720283640e-11,-9.13198936295940e-12,6.06866585756570e-12,4.79051330720364e-13,6.14617397216223e-13,-3.19835077097877e-12,-1.39876137948132e-12,-1.66683225938574e-11,2.61266916181003e-12,3.43317299622260e-12,1.34151808481799e-11,-1.33298593441461e-11,-2.76910624674914e-12,1.49361011202116e-11,1.93302455357110e-11,2.62843423415389e-11,-2.01333638002759e-11,-8.03630569579501e-12,-4.68535737551215e-12,2.56184013884473e-11,-2.90941955640860e-11,-1.19281620976759e-11,1.21738127415622e-11,-2.67131724452280e-11,-7.63674697480437e-12,-1.36488678243117e-11,-3.32571314724977e-13,4.61811213256033e-12,&
0.00367921387749188,-0.00893656616681657,0.0113707564316550,-0.0125032908781889,0.0125032908801057,0.159190589825726,0.00893656615932556,-0.00367921388167855,-1.79841581836315e-11,6.94195672473331e-12,-1.20476199731741e-11,-3.86162850893094e-12,-4.89826925481188e-12,3.37226028014141e-12,2.49107337698975e-12,2.00383227700596e-11,-6.16173543430647e-12,-9.76123808882125e-12,-2.52612157282371e-11,1.93841959386767e-11,4.37600101383967e-12,-1.81176944849587e-11,-3.02116894083000e-11,-3.94506919181483e-11,2.87596535914120e-11,1.21638732249586e-11,2.06772266825503e-12,-4.30187811233782e-11,4.10095889662442e-11,1.71432430965391e-11,-1.60924378232796e-11,3.98156571787923e-11,1.18462782672155e-11,1.83917471086063e-11,2.69054948654905e-12,-5.25327076248850e-12,&
-0.00289158759683381,0.00702347424356388,-0.00893656627222967,0.00982665369219719,-0.00982665378332632,0.00893656615932556,0.0983286393272983,0.00289158760214201,-3.40895194161679e-11,3.65989116654088e-12,-6.53507879755715e-11,-6.24392049769934e-11,-1.79498972070150e-11,1.09997472947801e-11,-7.34045898788459e-13,5.29509572289752e-11,4.50782313577842e-11,8.19575917712445e-11,7.60012088678753e-11,3.36594558619883e-11,-3.38580044366741e-13,-2.87539895304470e-11,1.05952257406016e-10,5.98799657160824e-12,2.56481391572661e-11,6.04072285117237e-12,6.85988619832880e-11,-5.59392722629098e-11,3.96764327966089e-11,1.58560798362262e-11,-8.45386513074654e-11,-1.49622052780656e-12,2.46192819973699e-11,6.25241939878356e-11,3.86077367428467e-11,-2.03356173901165e-11,&
0.00119047619079103,-0.00289158760215326,0.00367921387433781,-0.00404566589235680,0.00404566588793590,-0.00367921388167855,0.00289158760214201,0.0166666666668916,5.12505077246296e-13,-1.45202084229887e-12,-2.29575664520441e-12,-2.97417375430241e-12,-8.54801114971557e-13,-1.67518317946077e-14,-2.63167625408626e-13,-2.12744587398566e-13,2.68948313086945e-12,4.94694822978009e-12,6.15552070943224e-12,-6.72293271462274e-13,-5.12385063097076e-13,1.20517267494898e-12,9.33255157865632e-12,4.75716498676849e-12,-2.43366252281076e-12,-1.07682669790781e-12,2.75234973491007e-12,9.69909487430608e-13,-3.38164227040632e-12,-1.25557113762242e-12,-2.42599294892171e-12,-5.13126022422530e-12,1.08117952576644e-13,7.62598094565139e-13,2.19941847508877e-12,-1.54516252506429e-13,&
1.73266449744133e-12,-4.48709111814961e-12,6.58951089030791e-12,-9.21221492641450e-12,1.29384720283640e-11,-1.79841581836315e-11,-3.40895194161679e-11,5.12505077246296e-13,1.48767311039190e-20,-3.68915405644042e-21,2.27375380320468e-20,2.00381079278023e-20,6.03696129723088e-21,-4.43299183521887e-21,-2.41247007425186e-22,-2.17853859603357e-20,-1.29803667797046e-20,-2.39402860616915e-20,-1.89433348492409e-20,-1.50111812339124e-20,-8.57978995819969e-22,1.38081845857249e-20,-2.59571813673057e-20,6.80090850904988e-21,-1.49924777850166e-20,-4.58553504455993e-21,-2.26285190461907e-20,2.55168358378753e-20,-2.24549966050598e-20,-8.93531179551258e-21,3.00430288438522e-20,-8.98103480174586e-21,-1.01203177533887e-20,-2.40151679175962e-20,-1.20196762539797e-20,7.86930234563011e-21,&
-1.62923786842975e-12,4.11794219321655e-12,-5.82621685898257e-12,7.53089564046682e-12,-9.13198936295940e-12,6.94195672473331e-12,3.65989116654088e-12,-1.45202084229887e-12,-3.68915405644042e-21,2.42269450147807e-21,-2.07020290071578e-21,-6.02036237616267e-22,-2.11403813982462e-22,9.45496911237830e-22,3.55502924606667e-22,4.77831502458180e-21,-6.56006399604395e-22,-9.10688632156200e-22,-3.39118857601491e-21,3.90543290203956e-21,7.92639364474625e-22,-4.35489400070690e-21,-5.66736254209498e-21,-7.07420656504123e-21,6.07717571859997e-21,2.24527352030689e-21,1.48798150513368e-21,-6.26951764257868e-21,8.80119763900212e-21,3.40185202096098e-21,-3.31176436464987e-21,8.02879558749013e-21,2.01616568676664e-21,4.07184475916983e-21,-1.18493338450938e-22,-1.44986587550637e-21,&
7.54518522298289e-13,-1.93761413481045e-12,2.76844804222484e-12,-3.88006118121222e-12,6.06866585756570e-12,-1.20476199731741e-11,-6.53507879755715e-11,-2.29575664520441e-12,2.27375380320468e-20,-2.07020290071578e-21,4.39292527457873e-20,4.19752528201054e-20,1.22829648376030e-20,-7.27443327766871e-21,4.64002797297659e-22,-3.51765822842352e-20,-3.01757331112365e-20,-5.48577411195952e-20,-5.07476141058238e-20,-2.24472825576920e-20,2.39622391847219e-22,1.89250268270457e-20,-7.14196274716358e-20,-4.06675846371565e-21,-1.68548755269264e-20,-4.02178398796306e-21,-4.57474355623638e-20,3.81156126970740e-20,-2.60746305918606e-20,-1.05210810676340e-20,5.66999219366085e-20,1.42108719870994e-21,-1.65865185316567e-20,-4.17413131810138e-20,-2.61827748821892e-20,1.34850561319569e-20,&
1.95233478122713e-13,-4.91981343662454e-13,3.54870322930981e-13,-2.32452247410095e-13,4.79051330720364e-13,-3.86162850893094e-12,-6.24392049769934e-11,-2.97417375430241e-12,2.00381079278023e-20,-6.02036237616267e-22,4.19752528201054e-20,4.10433573706804e-20,1.18735272330668e-20,-6.60359446445545e-21,7.15586675815620e-22,-3.17087414405375e-20,-3.03203360772069e-20,-5.49303431918674e-20,-5.26130154250315e-20,-1.96032054066500e-20,7.70814230574397e-22,1.59362386468487e-20,-7.43058862182699e-20,-8.81238934559362e-21,-1.27048076597942e-20,-2.46290650948920e-21,-4.43636741922818e-20,3.31175711738621e-20,-2.00633796787284e-20,-8.14546143314358e-21,5.38175731424409e-20,6.66333356951351e-21,-1.49910843155572e-20,-3.86042366906349e-20,-2.58239084378527e-20,1.24274647384721e-20,&
-3.93352995878267e-13,7.58247527603219e-13,-1.00900539565782e-12,5.62008752465295e-13,6.14617397216223e-13,-4.89826925481188e-12,-1.79498972070150e-11,-8.54801114971557e-13,6.03696129723088e-21,-2.11403813982462e-22,1.22829648376030e-20,1.18735272330668e-20,3.54817286797625e-21,-1.93214284158233e-21,1.56270532880173e-22,-9.38014995144019e-21,-8.59769253499193e-21,-1.55993926474188e-20,-1.46373343456781e-20,-5.93270238385165e-21,1.50408717188670e-22,4.80699921478731e-21,-2.09290823171266e-20,-1.86676053527763e-21,-4.05529975200145e-21,-9.08402920283601e-22,-1.27270341261703e-20,1.04010199293477e-20,-6.33295404843697e-21,-2.60676285300412e-21,1.57459306818538e-20,1.34212972451074e-21,-4.52956274318257e-21,-1.13618579320426e-20,-7.53624703721224e-21,3.62468728515113e-21,&
-5.76072444448854e-13,1.52173040634502e-12,-2.02291019616012e-12,2.58019648615785e-12,-3.19835077097877e-12,3.37226028014141e-12,1.09997472947801e-11,-1.67518317946077e-14,-4.43299183521887e-21,9.45496911237830e-22,-7.27443327766871e-21,-6.60359446445545e-21,-1.93214284158233e-21,1.36169303724726e-21,1.71561652295864e-23,6.62954021288133e-21,4.47695439407422e-21,8.21035211317489e-21,6.95773577814308e-21,4.44324401665035e-21,1.63805524758529e-22,-4.02477526237312e-21,9.53640464653123e-21,-1.16181679595608e-21,4.14125922382410e-21,1.18641440841162e-21,7.42154634893647e-21,-7.41681241769382e-21,6.25491985304903e-21,2.48143547519597e-21,-9.55457084720576e-21,1.82672893461489e-21,3.05614786019085e-21,7.45503379628229e-21,3.98379995646445e-21,-2.44633243289302e-21,&
-6.61560044184213e-14,2.84125441292088e-13,-3.92793320210624e-13,8.16473922592379e-13,-1.39876137948132e-12,2.49107337698975e-12,-7.34045898788459e-13,-2.63167625408626e-13,-2.41247007425186e-22,3.55502924606667e-22,4.64002797297659e-22,7.15586675815620e-22,1.56270532880173e-22,1.71561652295864e-23,8.61374218456289e-23,1.57793338854092e-22,-7.60163197371874e-22,-1.32731648859852e-21,-1.75948559377154e-21,2.90335507754950e-22,1.59879171533449e-22,-4.01601772378439e-22,-2.51199931003098e-21,-1.47714034990881e-21,7.90563203241448e-22,3.57611355642089e-22,-6.95859608755629e-22,-5.90925646627393e-22,1.10370212546217e-21,4.36807727448563e-22,5.02237635027490e-22,1.53789826598070e-21,7.68887745227178e-23,-8.50831094331944e-23,-4.98040275349844e-22,2.01381937075290e-23,&
-2.54223239832560e-12,6.49496422125605e-12,-9.37727363164263e-12,1.26221963396770e-11,-1.66683225938574e-11,2.00383227700596e-11,5.29509572289752e-11,-2.12744587398566e-13,-2.17853859603357e-20,4.77831502458180e-21,-3.51765822842352e-20,-3.17087414405375e-20,-9.38014995144019e-21,6.62954021288133e-21,1.57793338854092e-22,3.23823792590323e-20,2.12540575664737e-20,3.90273548010717e-20,3.25473141193223e-20,2.18718136430465e-20,9.18071394632274e-22,-1.98479380000091e-20,4.47288121781274e-20,-6.78831843017066e-21,2.07157511524389e-20,6.05601130480123e-21,3.56160276557062e-20,-3.68301536280228e-20,3.12166395185726e-20,1.24130134802381e-20,-4.62520855242851e-20,9.96943855990152e-21,1.49977015885540e-20,3.62657360292832e-20,1.91477105482429e-20,-1.18800406296425e-20,&
3.15907947194621e-13,-7.44694879210628e-13,9.49670986239780e-13,-1.28511836113971e-12,2.61266916181003e-12,-6.16173543430647e-12,4.50782313577842e-11,2.68948313086945e-12,-1.29803667797046e-20,-6.56006399604395e-22,-3.01757331112365e-20,-3.03203360772069e-20,-8.59769253499193e-21,4.47695439407422e-21,-7.60163197371874e-22,2.12540575664737e-20,2.31538442708337e-20,4.17899917310998e-20,4.15485603602656e-20,1.25232589948015e-20,-1.02824692234756e-21,-9.68471789470047e-21,5.87376799753121e-20,1.06382572344229e-20,6.23886215252261e-21,5.71335448652181e-22,3.25819380885171e-20,-2.08275122392499e-20,1.03067646524429e-20,4.22019365541641e-21,-3.84421797424014e-20,-9.36595173376848e-21,1.00276296884525e-20,2.67160027705137e-20,1.92316391338199e-20,-8.58247948725281e-21,&
4.03521842599377e-13,-1.00397002187874e-12,1.35875356330072e-12,-1.88150899997066e-12,3.43317299622260e-12,-9.76123808882125e-12,8.19575917712445e-11,4.94694822978009e-12,-2.39402860616915e-20,-9.10688632156200e-22,-5.48577411195952e-20,-5.49303431918674e-20,-1.55993926474188e-20,8.21035211317489e-21,-1.32731648859852e-21,3.90273548010717e-20,4.17899917310998e-20,7.54648796936767e-20,7.47017773990727e-20,2.31411747421744e-20,-1.75946368856396e-21,-1.80452322006851e-20,1.05552689213786e-19,1.83428866208620e-20,1.20343071437867e-20,1.31818900007946e-21,5.91043144900777e-20,-3.85227845022978e-20,1.97255454093075e-20,8.05979914104798e-21,-6.99583668277334e-20,-1.59484330379041e-20,1.84028222301821e-20,4.88293197643330e-20,3.47959298363139e-20,-1.56967916530242e-20,&
1.03624037162389e-12,-2.77875953747276e-12,4.78198833348404e-12,-7.84635102493259e-12,1.34151808481799e-11,-2.52612157282371e-11,7.60012088678753e-11,6.15552070943224e-12,-1.89433348492409e-20,-3.39118857601491e-21,-5.07476141058238e-20,-5.26130154250315e-20,-1.46373343456781e-20,6.95773577814308e-21,-1.75948559377154e-21,3.25473141193223e-20,4.15485603602656e-20,7.47017773990727e-20,7.71229671533230e-20,1.79019720762986e-20,-2.66681928153723e-21,-1.26666836063322e-20,1.09252220201325e-19,2.64376554980954e-20,4.69217447204780e-21,-1.42578843259085e-21,5.60211626185783e-20,-2.91406909259174e-20,9.07051814093573e-21,3.82129492819807e-21,-6.40515434657795e-20,-2.48498199365483e-20,1.53628051867989e-20,4.27801127916559e-20,3.36766754522121e-20,-1.36875731709740e-20,&
-1.90715008257796e-12,4.82889193497937e-12,-7.02125414515700e-12,9.58133465536117e-12,-1.33298593441461e-11,1.93841959386767e-11,3.36594558619883e-11,-6.72293271462274e-13,-1.50111812339124e-20,3.90543290203956e-21,-2.24472825576920e-20,-1.96032054066500e-20,-5.93270238385165e-21,4.44324401665035e-21,2.90335507754950e-22,2.18718136430465e-20,1.25232589948015e-20,2.31411747421744e-20,1.79019720762986e-20,1.51761800673010e-20,9.52234314782302e-22,-1.40469310731553e-20,2.44395289052988e-20,-7.66340622621756e-21,1.54631779846633e-20,4.79334683020697e-21,2.22097011187517e-20,-2.58122530319329e-20,2.31128977168564e-20,9.18974351714328e-21,-2.97200479840368e-20,9.90133172767537e-21,1.01529662535071e-20,2.39542984809805e-20,1.17038345381612e-20,-7.85779396048942e-21,&
-3.74626693308373e-13,9.59467292659709e-13,-1.38608452239187e-12,1.90404132882745e-12,-2.76910624674914e-12,4.37600101383967e-12,-3.38580044366741e-13,-5.12385063097076e-13,-8.57978995819969e-22,7.92639364474625e-22,2.39622391847219e-22,7.70814230574397e-22,1.50408717188670e-22,1.63805524758529e-22,1.59879171533449e-22,9.18071394632274e-22,-1.02824692234756e-21,-1.75946368856396e-21,-2.66681928153723e-21,9.52234314782302e-22,3.16461028469826e-22,-1.15014676888658e-21,-3.92284289576214e-21,-2.88178902367078e-21,1.89207802506443e-21,7.79790407445625e-22,-6.24278886968374e-22,-1.69073156114634e-21,2.68911142748218e-21,1.05243078089592e-21,1.03649290827324e-22,3.10151719825295e-21,4.04385340768047e-22,5.19540009608175e-22,-6.18782491285909e-22,-1.95646348978767e-22,&
2.51946548152194e-12,-6.36666218385643e-12,8.92870108304592e-12,-1.16143743760749e-11,1.49361011202116e-11,-1.81176944849587e-11,-2.87539895304470e-11,1.20517267494898e-12,1.38081845857249e-20,-4.35489400070690e-21,1.89250268270457e-20,1.59362386468487e-20,4.80699921478731e-21,-4.02477526237312e-21,-4.01601772378439e-22,-1.98479380000091e-20,-9.68471789470047e-21,-1.80452322006851e-20,-1.26666836063322e-20,-1.40469310731553e-20,-1.15014676888658e-21,1.33973934186454e-20,-1.66875091360906e-20,9.58549502554536e-21,-1.53717123501403e-20,-4.93000307810665e-21,-1.84977624791049e-20,2.35869891863895e-20,-2.28402550236167e-20,-9.01838026882806e-21,2.53480866618818e-20,-1.18969959410600e-20,-9.08186975328796e-21,-2.11463303733489e-20,-9.24496832932005e-21,7.00556285480949e-21,&
3.45205612726074e-12,-8.64542933158569e-12,1.19081411599646e-11,-1.50980974854143e-11,1.93302455357110e-11,-3.02116894083000e-11,1.05952257406016e-10,9.33255157865632e-12,-2.59571813673057e-20,-5.66736254209498e-21,-7.14196274716358e-20,-7.43058862182699e-20,-2.09290823171266e-20,9.53640464653123e-21,-2.51199931003098e-21,4.47288121781274e-20,5.87376799753121e-20,1.05552689213786e-19,1.09252220201325e-19,2.44395289052988e-20,-3.92284289576214e-21,-1.66875091360906e-20,1.55771690152007e-19,3.86341144667401e-20,5.11911473068812e-21,-2.44397717550913e-21,7.85533733885855e-20,-4.08287800245350e-20,1.05873228208903e-20,4.66065365197775e-21,-8.99054086653411e-20,-3.70468343581889e-20,2.14436532200959e-20,5.94714443067674e-20,4.79510902225988e-20,-1.88877380320416e-20,&
2.92286313152722e-12,-7.74315314523390e-12,1.18871138960079e-11,-1.76038363272648e-11,2.62843423415389e-11,-3.94506919181483e-11,5.98799657160824e-12,4.75716498676849e-12,6.80090850904988e-21,-7.07420656504123e-21,-4.06675846371565e-21,-8.81238934559362e-21,-1.86676053527763e-21,-1.16181679595608e-21,-1.47714034990881e-21,-6.78831843017066e-21,1.06382572344229e-20,1.83428866208620e-20,2.64376554980954e-20,-7.66340622621756e-21,-2.88178902367078e-21,9.58549502554536e-21,3.86341144667401e-20,2.63561423921955e-20,-1.63996815404491e-20,-6.90681669645066e-21,7.66785446017630e-21,1.38361105791224e-20,-2.32114372148343e-20,-9.09141365415823e-21,-3.36491230154870e-21,-2.81528024099735e-20,-2.97690920472574e-21,-2.89590032917129e-21,6.69774435927817e-21,1.17388262351733e-21,&
-3.39323249503118e-12,8.55187037304789e-12,-1.18809983331980e-11,1.53329907950929e-11,-2.01333638002759e-11,2.87596535914120e-11,2.56481391572661e-11,-2.43366252281076e-12,-1.49924777850166e-20,6.07717571859997e-21,-1.68548755269264e-20,-1.27048076597942e-20,-4.05529975200145e-21,4.14125922382410e-21,7.90563203241448e-22,2.07157511524389e-20,6.23886215252261e-21,1.20343071437867e-20,4.69217447204780e-21,1.54631779846633e-20,1.89207802506443e-21,-1.53717123501403e-20,5.11911473068812e-21,-1.63996815404491e-20,1.91493079263750e-20,6.59527342938108e-21,1.54277911098553e-20,-2.62125577217587e-20,2.81312025433917e-20,1.10822943879818e-20,-2.31222381052307e-20,1.91156991696034e-20,9.44420700885126e-21,2.08795537657492e-20,6.91760171493970e-21,-6.97658762053813e-21,&
-9.84789990575029e-13,2.55172527466615e-12,-3.85132376788616e-12,5.51079377835544e-12,-8.03630569579501e-12,1.21638732249586e-11,6.04072285117237e-12,-1.07682669790781e-12,-4.58553504455993e-21,2.24527352030689e-21,-4.02178398796306e-21,-2.46290650948920e-21,-9.08402920283601e-22,1.18641440841162e-21,3.57611355642089e-22,6.05601130480123e-21,5.71335448652181e-22,1.31818900007946e-21,-1.42578843259085e-21,4.79334683020697e-21,7.79790407445625e-22,-4.93000307810665e-21,-2.44397717550913e-21,-6.90681669645066e-21,6.59527342938108e-21,2.40922615121837e-21,3.24562515491069e-21,-8.32379941016253e-21,9.59803751146799e-21,3.79002614025648e-21,-5.72424703933359e-21,7.74259137074012e-21,2.77998915824492e-21,5.73020293762481e-21,1.18665814730653e-21,-1.92301652438121e-21,&
-1.02495112477472e-12,2.55123474903605e-12,-3.46596334035673e-12,4.22791815651418e-12,-4.68535737551215e-12,2.06772266825503e-12,6.85988619832880e-11,2.75234973491007e-12,-2.26285190461907e-20,1.48798150513368e-21,-4.57474355623638e-20,-4.43636741922818e-20,-1.27270341261703e-20,7.42154634893647e-21,-6.95859608755629e-22,3.56160276557062e-20,3.25819380885171e-20,5.91043144900777e-20,5.60211626185783e-20,2.22097011187517e-20,-6.24278886968374e-22,-1.84977624791049e-20,7.85533733885855e-20,7.66785446017630e-21,1.54277911098553e-20,3.24562515491069e-21,4.83892677165495e-20,-3.70387598134922e-20,2.41569237639961e-20,9.71548877020534e-21,-5.89205288411975e-20,-4.94233377852970e-21,1.66539722886095e-20,4.27887708786423e-20,2.76848400710759e-20,-1.38576294989127e-20,&
9.29699700843703e-13,-3.05597661503359e-12,6.68954901817676e-12,-1.35242111722180e-11,2.56184013884473e-11,-4.30187811233782e-11,-5.59392722629098e-11,9.69909487430608e-13,2.55168358378753e-20,-6.26951764257868e-21,3.81156126970740e-20,3.31175711738621e-20,1.04010199293477e-20,-7.41681241769382e-21,-5.90925646627393e-22,-3.68301536280228e-20,-2.08275122392499e-20,-3.85227845022978e-20,-2.91406909259174e-20,-2.58122530319329e-20,-1.69073156114634e-21,2.35869891863895e-20,-4.08287800245350e-20,1.38361105791224e-20,-2.62125577217587e-20,-8.32379941016253e-21,-3.70387598134922e-20,4.53420158090975e-20,-3.91106667684616e-20,-1.57233187881630e-20,5.03825814061975e-20,-1.70308196073570e-20,-1.74746350251926e-20,-4.04539360073868e-20,-2.01394048516732e-20,1.31263727936618e-20,&
-4.97214810674471e-12,1.24974197771001e-11,-1.73634763496234e-11,2.23857337163761e-11,-2.90941955640860e-11,4.10095889662442e-11,3.96764327966089e-11,-3.38164227040632e-12,-2.24549966050598e-20,8.80119763900212e-21,-2.60746305918606e-20,-2.00633796787284e-20,-6.33295404843697e-21,6.25491985304903e-21,1.10370212546217e-21,3.12166395185726e-20,1.03067646524429e-20,1.97255454093075e-20,9.07051814093573e-21,2.31128977168564e-20,2.68911142748218e-21,-2.28402550236167e-20,1.05873228208903e-20,-2.32114372148343e-20,2.81312025433917e-20,9.59803751146799e-21,2.41569237639961e-20,-3.91106667684616e-20,4.13894893712362e-20,1.63084306109351e-20,-3.56185592522955e-20,2.72406356726574e-20,1.42364493954447e-20,3.17415576373495e-20,1.10582731673455e-20,-1.05925531293157e-20,&
-1.64205767563699e-12,4.22054785406279e-12,-6.14226627313651e-12,8.50872630860610e-12,-1.19281620976759e-11,1.71432430965391e-11,1.58560798362262e-11,-1.25557113762242e-12,-8.93531179551258e-21,3.40185202096098e-21,-1.05210810676340e-20,-8.14546143314358e-21,-2.60676285300412e-21,2.48143547519597e-21,4.36807727448563e-22,1.24130134802381e-20,4.22019365541641e-21,8.05979914104798e-21,3.82129492819807e-21,9.18974351714328e-21,1.05243078089592e-21,-9.01838026882806e-21,4.66065365197775e-21,-9.09141365415823e-21,1.10822943879818e-20,3.79002614025648e-21,9.71548877020534e-21,-1.57233187881630e-20,1.63084306109351e-20,6.44898173024549e-21,-1.43382662635105e-20,1.06072201688313e-20,5.70958683635873e-21,1.26827643153463e-20,4.55995470098941e-21,-4.21185335025107e-21,&
1.12635571119268e-12,-3.05774316749502e-12,4.97825980675921e-12,-7.83185235556051e-12,1.21738127415622e-11,-1.60924378232796e-11,-8.45386513074654e-11,-2.42599294892171e-12,3.00430288438522e-20,-3.31176436464987e-21,5.66999219366085e-20,5.38175731424409e-20,1.57459306818538e-20,-9.55457084720576e-21,5.02237635027490e-22,-4.62520855242851e-20,-3.84421797424014e-20,-6.99583668277334e-20,-6.40515434657795e-20,-2.97200479840368e-20,1.03649290827324e-22,2.53480866618818e-20,-8.99054086653411e-20,-3.36491230154870e-21,-2.31222381052307e-20,-5.72424703933359e-21,-5.89205288411975e-20,5.03825814061975e-20,-3.56185592522955e-20,-1.43382662635105e-20,7.33974293759628e-20,-2.39173086480493e-22,-2.17394939834586e-20,-5.44477346733611e-20,-3.34574973648254e-20,1.76271986965384e-20,&
-4.49137728593580e-12,1.12946572661266e-11,-1.56578232243762e-11,2.02078879520141e-11,-2.67131724452280e-11,3.98156571787923e-11,-1.49622052780656e-12,-5.13126022422530e-12,-8.98103480174586e-21,8.02879558749013e-21,1.42108719870994e-21,6.66333356951351e-21,1.34212972451074e-21,1.82672893461489e-21,1.53789826598070e-21,9.96943855990152e-21,-9.36595173376848e-21,-1.59484330379041e-20,-2.48498199365483e-20,9.90133172767537e-21,3.10151719825295e-21,-1.18969959410600e-20,-3.70468343581889e-20,-2.81528024099735e-20,1.91156991696034e-20,7.74259137074012e-21,-4.94233377852970e-21,-1.70308196073570e-20,2.72406356726574e-20,1.06072201688313e-20,-2.39173086480493e-22,3.05980551326020e-20,4.28129720839519e-21,6.13180675481820e-21,-5.65288009813286e-21,-2.30844084678993e-21,&
-5.72688050155530e-13,1.65417368497094e-12,-2.77607134437003e-12,4.64942529338191e-12,-7.63674697480437e-12,1.18462782672155e-11,2.46192819973699e-11,1.08117952576644e-13,-1.01203177533887e-20,2.01616568676664e-21,-1.65865185316567e-20,-1.49910843155572e-20,-4.52956274318257e-21,3.05614786019085e-21,7.68887745227178e-23,1.49977015885540e-20,1.00276296884525e-20,1.84028222301821e-20,1.53628051867989e-20,1.01529662535071e-20,4.04385340768047e-22,-9.08186975328796e-21,2.14436532200959e-20,-2.97690920472574e-21,9.44420700885126e-21,2.77998915824492e-21,1.66539722886095e-20,-1.74746350251926e-20,1.42364493954447e-20,5.70958683635873e-21,-2.17394939834586e-20,4.28129720839519e-21,7.05520395076653e-21,1.69140427328777e-20,9.17254900748408e-21,-5.49671938467022e-21,&
-2.05632569476990e-12,5.23782487942465e-12,-7.48987984967236e-12,1.00688918213833e-11,-1.36488678243117e-11,1.83917471086063e-11,6.25241939878356e-11,7.62598094565139e-13,-2.40151679175962e-20,4.07184475916983e-21,-4.17413131810138e-20,-3.86042366906349e-20,-1.13618579320426e-20,7.45503379628229e-21,-8.50831094331944e-23,3.62657360292832e-20,2.67160027705137e-20,4.88293197643330e-20,4.27801127916559e-20,2.39542984809805e-20,5.19540009608175e-22,-2.11463303733489e-20,5.94714443067674e-20,-2.89590032917129e-21,2.08795537657492e-20,5.73020293762481e-21,4.27887708786423e-20,-4.04539360073868e-20,3.17415576373495e-20,1.26827643153463e-20,-5.44477346733611e-20,6.13180675481820e-21,1.69140427328777e-20,4.15779010383529e-20,2.36509652242651e-20,-1.35439395631750e-20,&
7.95934872700470e-13,-1.83471389145724e-12,1.92705207677026e-12,-1.26647981822620e-12,-3.32571314724977e-13,2.69054948654905e-12,3.86077367428467e-11,2.19941847508877e-12,-1.20196762539797e-20,-1.18493338450938e-22,-2.61827748821892e-20,-2.58239084378527e-20,-7.53624703721224e-21,3.98379995646445e-21,-4.98040275349844e-22,1.91477105482429e-20,1.92316391338199e-20,3.47959298363139e-20,3.36766754522121e-20,1.17038345381612e-20,-6.18782491285909e-22,-9.24496832932005e-21,4.79510902225988e-20,6.69774435927817e-21,6.91760171493970e-21,1.18665814730653e-21,2.76848400710759e-20,-2.01394048516732e-20,1.10582731673455e-20,4.55995470098941e-21,-3.34574973648254e-20,-5.65288009813286e-21,9.17254900748408e-21,2.36509652242651e-20,1.64256934146641e-20,-7.55915275884349e-21,&
9.30042688964660e-13,-2.31182233874559e-12,3.12758284992833e-12,-3.85310597027108e-12,4.61811213256033e-12,-5.25327076248850e-12,-2.03356173901165e-11,-1.54516252506429e-13,7.86930234563011e-21,-1.44986587550637e-21,1.34850561319569e-20,1.24274647384721e-20,3.62468728515113e-21,-2.44633243289302e-21,2.01381937075290e-23,-1.18800406296425e-20,-8.58247948725281e-21,-1.56967916530242e-20,-1.36875731709740e-20,-7.85779396048942e-21,-1.95646348978767e-22,7.00556285480949e-21,-1.88877380320416e-20,1.17388262351733e-21,-6.97658762053813e-21,-1.92301652438121e-21,-1.38576294989127e-20,1.31263727936618e-20,-1.05925531293157e-20,-4.21185335025107e-21,1.76271986965384e-20,-2.30844084678993e-21,-5.49671938467022e-21,-1.35439395631750e-20,-7.55915275884349e-21,4.43058794436303e-21  /),(/36,36/))