real(kind=GRID_SR),Parameter :: s_b_1(10,10) = reshape((/ &
0.0714285714285716,0.0266198568749976,-0.0266198568749969,0.0119047619047620,-3.90560599734258e-17,2.48478486463715e-17,1.02728672129751e-16,-8.64057502796067e-17,9.45672112046780e-17,6.45482344823003e-17,&
0.0266198568749976,0.357142857142854,0.0595238095238113,-0.0266198568749975,-8.73780938807522e-17,-3.12768892590820e-16,2.61130800497116e-16,1.01930282588263e-16,2.35407830497426e-16,1.37027427278215e-16,&
-0.0266198568749969,0.0595238095238113,0.357142857142860,0.0266198568749976,-2.82701378510442e-17,-7.97454132034342e-16,1.26290775804372e-16,2.06568430474289e-17,1.76299874467732e-16,1.71753351445661e-16,&
0.0119047619047620,-0.0266198568749975,0.0266198568749976,0.0714285714285715,7.14375648583215e-17,4.91670196619698e-17,-6.74063979236723e-18,-3.15554460868167e-17,3.95847376041940e-17,1.52490454126341e-17,&
-3.90560599734258e-17,-8.73780938807522e-17,-2.82701378510442e-17,7.14375648583215e-17,1.28050496454831e-31,2.31258330846044e-31,-1.33786099251118e-31,2.13319669078345e-32,-8.13145964710339e-32,-7.93666558987087e-32,&
2.48478486463715e-17,-3.12768892590820e-16,-7.97454132034342e-16,4.91670196619698e-17,2.31258330846044e-31,2.02990815075622e-30,-4.58481379903843e-31,-7.24883346687415e-32,-4.90103315371681e-31,-4.65847603386378e-31,&
1.02728672129751e-16,2.61130800497116e-16,1.26290775804372e-16,-6.74063979236723e-18,-1.33786099251118e-31,-4.58481379903843e-31,3.38785750969672e-31,-5.17570744816644e-32,3.19959327208534e-31,2.29022876446309e-31,&
-8.64057502796067e-17,1.01930282588263e-16,2.06568430474289e-17,-3.15554460868167e-17,2.13319669078345e-32,-7.24883346687415e-32,-5.17570744816644e-32,1.60767460662473e-31,-5.71285848075105e-32,-5.43148928697107e-32,&
9.45672112046780e-17,2.35407830497426e-16,1.76299874467732e-16,3.95847376041940e-17,-8.13145964710339e-32,-4.90103315371681e-31,3.19959327208534e-31,-5.71285848075105e-32,3.36975376821940e-31,2.37986246118434e-31,&
6.45482344823003e-17,1.37027427278215e-16,1.71753351445661e-16,1.52490454126341e-17,-7.93666558987087e-32,-4.65847603386378e-31,2.29022876446309e-31,-5.43148928697107e-32,2.37986246118434e-31,1.85461092432762e-31  /),(/10,10/))