real(kind=GRID_SR),Parameter :: s_b_2(21,21) = reshape((/ &
2.36420739079937e-26,-1.59347507287005e-26,1.71667327141044e-26,-6.40554398527422e-28,-3.51309591871885e-27,1.35911977395615e-15,-2.44967089414645e-26,4.14214963089346e-27,4.11823567940161e-27,-3.97584253584818e-27,1.73331956456562e-14,2.50066732637869e-26,-5.62233813244876e-27,-1.76543526513629e-26,-4.71260140428532e-14,-2.10938601716283e-26,-1.00496540162714e-26,-6.79029094541579e-15,1.06841874958267e-26,4.25126532806190e-14,7.21035039917412e-15,&
-1.59347507287005e-26,1.93337729324076e-25,-3.82823434697792e-26,-1.06373006731292e-26,-1.52193820129889e-27,-7.74107556872914e-15,2.17372518954433e-26,2.42933133101041e-26,1.87715397183743e-26,3.69681090893639e-26,-1.70311829068038e-13,-3.84767975291982e-27,6.31797851362413e-26,4.35742573093950e-26,9.06459567503165e-15,9.87731397369676e-27,-1.29672424893818e-26,9.52090195011057e-15,-1.99480627682304e-27,3.13740042869710e-14,-3.38435855844907e-15,&
1.71667327141044e-26,-3.82823434697792e-26,2.78697043622688e-26,-1.70443163426507e-28,-1.36413323665281e-27,-3.22357548733563e-15,-2.39563891294868e-26,-1.36048542051841e-26,6.30102504368068e-28,4.24388259477893e-28,4.59270116624108e-14,1.06079827447281e-26,-2.13870174948545e-26,-1.55434281585454e-26,3.94011094654590e-15,-1.16419397954479e-26,2.02004572394760e-28,8.80791698621706e-15,4.77186392461529e-27,4.74902377652506e-14,9.05140399036122e-15,&
-6.40554398527422e-28,-1.06373006731292e-26,-1.70443163426507e-28,6.39729535050456e-27,-9.59582099982637e-28,7.18433597935651e-15,2.28394725361808e-27,1.53798877876285e-26,1.05037282797288e-26,-4.50381990098484e-27,3.42492950045595e-15,4.46484038855308e-27,-1.52785973341806e-26,-1.15261999163176e-26,5.59017172985764e-16,-8.53647080789908e-27,1.61771690522838e-27,2.39240238073929e-14,5.87236455219979e-27,-8.36131598278191e-15,4.74896831891537e-15,&
-3.51309591871885e-27,-1.52193820129889e-27,-1.36413323665281e-27,-9.59582099982637e-28,1.39117170610589e-27,-9.36222490036362e-16,3.12692865087969e-27,-4.63505749389292e-27,-3.30712001053711e-27,1.02274757644967e-27,2.82592421674112e-15,-5.40802272819850e-27,2.26608319658559e-27,4.33932099391089e-27,1.10743829002278e-14,5.35434480500927e-27,1.65637625740135e-27,-1.87973628426721e-15,-3.25651505460429e-27,-5.77129074179776e-15,-3.04636509253923e-15,&
1.35911977395615e-15,-7.74107556872914e-15,-3.22357548733563e-15,7.18433597935651e-15,-9.36222490036362e-16,0.0303030303030310,1.61562344197680e-15,4.81851292224885e-14,1.82520536290784e-14,-5.43860415193285e-15,0.00722021721834828,2.21723326975695e-14,-1.34208750541522e-14,-2.35250025093558e-14,-0.00874224077090457,-2.64857901445076e-14,-1.68754994274864e-14,0.00874224077089599,1.43956125597548e-14,-0.00722021721834791,0.00303030303029803,&
-2.44967089414645e-26,2.17372518954433e-26,-2.39563891294868e-26,2.28394725361808e-27,3.12692865087969e-27,1.61562344197680e-15,3.12255050876950e-26,9.10764642233219e-27,-2.23279729468719e-27,1.97715630602621e-27,-3.15442676933153e-14,-2.36957840326969e-26,2.35574446423421e-27,1.77322525365933e-26,3.81336064790228e-14,1.83900710340078e-26,1.04473253564202e-26,3.81056639123049e-15,-8.33617490032571e-27,-6.10515177319547e-14,-3.87470625762469e-15,&
4.14214963089346e-27,2.42933133101041e-26,-1.36048542051841e-26,1.53798877876285e-26,-4.63505749389292e-27,4.81851292224885e-14,9.10764642233219e-27,1.05735040006183e-25,4.35968672310437e-26,-6.41930661683150e-27,-3.92219260027580e-14,4.15199636301165e-26,-3.32712220655347e-26,-4.30693428434195e-26,-3.77418390704587e-14,-5.22265007176863e-26,-2.22504291124202e-26,4.31630342975962e-14,3.23568150273465e-26,-2.32540343455999e-14,1.98918428850801e-14,&
4.11823567940161e-27,1.87715397183743e-26,6.30102504368068e-28,1.05037282797288e-26,-3.30712001053711e-27,1.82520536290784e-14,-2.23279729468719e-27,4.35968672310437e-26,3.72597937260704e-26,1.06621520844063e-27,-2.25336038236526e-14,2.08878715006520e-26,-2.16919312126317e-26,-2.82976187781874e-26,-6.58404378267580e-15,-2.65584121345760e-26,-4.88813523413624e-27,6.57867128705395e-14,1.78411776749762e-26,1.95296663892920e-14,1.07750189891401e-14,&
-3.97584253584818e-27,3.69681090893639e-26,4.24388259477893e-28,-4.50381990098484e-27,1.02274757644967e-27,-5.43860415193285e-15,1.97715630602621e-27,-6.41930661683150e-27,1.06621520844063e-27,1.56283198732544e-26,-2.32848217542673e-14,-7.64470826245935e-27,6.50991244516323e-27,1.34951489607588e-26,3.45733914300400e-14,6.78221410479489e-27,8.19099978141300e-28,2.78704784582298e-15,-3.94501845967534e-27,2.06252415889903e-14,1.21477050174466e-15,&
1.73331956456562e-14,-1.70311829068038e-13,4.59270116624108e-14,3.42492950045595e-15,2.82592421674112e-15,0.00722021721834828,-3.15442676933153e-14,-3.92219260027580e-14,-2.25336038236526e-14,-2.32848217542673e-14,0.172034071044467,5.27638968953923e-15,-4.10604049329199e-14,-3.36694036331390e-14,0.0208298895225385,-6.09250954564442e-15,2.00357453264747e-15,-0.0208298895224890,-2.75850344134711e-15,0.0172034071045178,-0.00722021721832178,&
2.50066732637869e-26,-3.84767975291982e-27,1.06079827447281e-26,4.46484038855308e-27,-5.40802272819850e-27,2.21723326975695e-14,-2.36957840326969e-26,4.15199636301165e-26,2.08878715006520e-26,-7.64470826245935e-27,5.27638968953923e-15,4.42558047987885e-26,-7.22883976081511e-27,-3.44514801486977e-26,-6.93952992646840e-14,-4.10852969394174e-26,-2.44930347135656e-26,3.19991447968126e-15,2.28155310378925e-26,4.21435843085763e-14,8.62621432132509e-15,&
-5.62233813244876e-27,6.31797851362413e-26,-2.13870174948545e-26,-1.52785973341806e-26,2.26608319658559e-27,-1.34208750541522e-14,2.35574446423421e-27,-3.32712220655347e-26,-2.16919312126317e-26,6.50991244516323e-27,-4.10604049329199e-14,-7.22883976081511e-27,8.11298009671119e-26,3.55051016060819e-26,-4.31255927619517e-14,2.75640196998761e-26,-1.46201446757166e-26,-3.97832767338976e-14,-1.69346554308434e-26,7.98979108477936e-15,-3.62070992949107e-14,&
-1.76543526513629e-26,4.35742573093950e-26,-1.55434281585454e-26,-1.15261999163176e-26,4.33932099391089e-27,-2.35250025093558e-14,1.77322525365933e-26,-4.30693428434195e-26,-2.82976187781874e-26,1.34951489607588e-26,-3.36694036331390e-14,-3.44514801486977e-26,3.55051016060819e-26,4.71696695923674e-26,3.96382946009528e-14,3.82417459254494e-26,9.34514327710150e-27,-5.53183218031202e-14,-2.26846056324942e-26,-2.18382325839651e-14,-1.04249780841631e-14,&
-4.71260140428532e-14,9.06459567503165e-15,3.94011094654590e-15,5.59017172985764e-16,1.10743829002278e-14,-0.00874224077090457,3.81336064790228e-14,-3.77418390704587e-14,-6.58404378267580e-15,3.45733914300400e-14,0.0208298895225385,-6.93952992646840e-14,-4.31255927619517e-14,3.96382946009528e-14,0.252208353197976,4.52881314366985e-14,3.51945772663193e-14,0.0252208353197653,-2.70452132878443e-14,-0.0208298895225833,0.00874224077089791,&
-2.10938601716283e-26,9.87731397369676e-27,-1.16419397954479e-26,-8.53647080789908e-27,5.35434480500927e-27,-2.64857901445076e-14,1.83900710340078e-26,-5.22265007176863e-26,-2.65584121345760e-26,6.78221410479489e-27,-6.09250954564442e-15,-4.10852969394174e-26,2.75640196998761e-26,3.82417459254494e-26,4.52881314366985e-14,4.63122737634162e-26,1.99500566642823e-26,-8.39601438633276e-15,-2.58887931016280e-26,-3.23256751203011e-14,-2.00873584738567e-14,&
-1.00496540162714e-26,-1.29672424893818e-26,2.02004572394760e-28,1.61771690522838e-27,1.65637625740135e-27,-1.68754994274864e-14,1.04473253564202e-26,-2.22504291124202e-26,-4.88813523413624e-27,8.19099978141300e-28,2.00357453264747e-15,-2.44930347135656e-26,-1.46201446757166e-26,9.34514327710150e-27,3.51945772663193e-14,1.99500566642823e-26,2.41215025654716e-26,2.60728043084550e-14,-9.14558301852264e-27,-2.32573863072796e-14,3.22495131302664e-15,&
-6.79029094541579e-15,9.52090195011057e-15,8.80791698621706e-15,2.39240238073929e-14,-1.87973628426721e-15,0.00874224077089599,3.81056639123049e-15,4.31630342975962e-14,6.57867128705395e-14,2.78704784582298e-15,-0.0208298895224890,3.19991447968126e-15,-3.97832767338976e-14,-5.53183218031202e-14,0.0252208353197653,-8.39601438633276e-15,2.60728043084550e-14,0.252208353197937,1.52661546940621e-14,0.0208298895225310,-0.00874224077089572,&
1.06841874958267e-26,-1.99480627682304e-27,4.77186392461529e-27,5.87236455219979e-27,-3.25651505460429e-27,1.43956125597548e-14,-8.33617490032571e-27,3.23568150273465e-26,1.78411776749762e-26,-3.94501845967534e-27,-2.75850344134711e-15,2.28155310378925e-26,-1.69346554308434e-26,-2.26846056324942e-26,-2.70452132878443e-14,-2.58887931016280e-26,-9.14558301852264e-27,1.52661546940621e-14,1.53714100815651e-26,1.45455694586565e-14,1.17790773436479e-14,&
4.25126532806190e-14,3.13740042869710e-14,4.74902377652506e-14,-8.36131598278191e-15,-5.77129074179776e-15,-0.00722021721834791,-6.10515177319547e-14,-2.32540343455999e-14,1.95296663892920e-14,2.06252415889903e-14,0.0172034071045178,4.21435843085763e-14,7.98979108477936e-15,-2.18382325839651e-14,-0.0208298895225833,-3.23256751203011e-14,-2.32573863072796e-14,0.0208298895225310,1.45455694586565e-14,0.172034071044593,0.00722021721836461,&
7.21035039917412e-15,-3.38435855844907e-15,9.05140399036122e-15,4.74896831891537e-15,-3.04636509253923e-15,0.00303030303029803,-3.87470625762469e-15,1.98918428850801e-14,1.07750189891401e-14,1.21477050174466e-15,-0.00722021721832178,8.62621432132509e-15,-3.62070992949107e-14,-1.04249780841631e-14,0.00874224077089791,-2.00873584738567e-14,3.22495131302664e-15,-0.00874224077089572,1.17790773436479e-14,0.00722021721836461,0.0303030303030255  /),(/21,21/))