real(kind=GRID_SR),Parameter :: s_b_1(15,15) = reshape((/ &
0.0444444444444443,0.0129629629629625,-0.0148148148148156,0.0129629629629608,-0.00555555555555484,2.87820913487280e-16,1.55607449324425e-16,1.15383892916396e-16,-1.98975536223864e-16,-8.77219372978805e-17,9.91270557685071e-18,-1.64716124337949e-16,-5.86556817225357e-17,5.33028207110335e-17,4.98079036125431e-18,&
0.0129629629629625,0.241975308641972,0.0345679012345681,-0.0302469135802578,0.0129629629629639,-2.73088710316580e-16,-1.14193737522906e-15,1.51001451489695e-15,-1.45530361945846e-16,-6.94255958656361e-17,1.42613577566486e-15,-1.19503581149494e-16,1.20603792073870e-16,-9.31874309888208e-17,-1.00410693454817e-16,&
-0.0148148148148156,0.0345679012345681,0.316049382716049,0.0345679012345659,-0.0148148148148142,4.19652554916789e-16,9.92269171003694e-16,8.62801893422947e-16,-3.61909209244207e-16,-4.12486035921340e-16,-8.39540077669123e-16,-2.00545047940184e-16,2.45423904597177e-16,3.16384191038683e-16,-5.99424977614415e-17,&
0.0129629629629608,-0.0302469135802578,0.0345679012345659,0.241975308641976,0.0129629629629631,-2.19510155090963e-15,1.17719723610383e-15,3.68112768427186e-16,-1.05606198161472e-16,3.37323858037254e-15,-1.36784906687264e-15,-4.67214772595307e-17,-3.50860868928082e-15,-2.04417178866394e-15,7.48220688402111e-16,&
-0.00555555555555484,0.0129629629629639,-0.0148148148148142,0.0129629629629631,0.0444444444444444,-3.56108440795419e-16,-7.35346527937218e-16,-4.00473305311163e-17,1.83357517881419e-16,4.89594035507234e-16,1.52259157662878e-15,2.80760864292852e-16,7.45710812323954e-17,-5.22625373313252e-16,-1.50060120304140e-16,&
2.87820913487280e-16,-2.73088710316580e-16,4.19652554916789e-16,-2.19510155090963e-15,-3.56108440795419e-16,2.92394953175645e-29,-2.32010116071471e-30,-4.84368813106422e-30,-2.13149331274451e-30,-3.83116647463937e-29,4.66057438039510e-30,-2.04516151591623e-30,3.65374467234904e-29,2.42212629069652e-29,-7.45887087748803e-30,&
1.55607449324425e-16,-1.14193737522906e-15,9.92269171003694e-16,1.17719723610383e-15,-7.35346527937218e-16,-2.32010116071471e-30,2.41971832800052e-29,-9.34307134620888e-31,-4.12339522311780e-30,7.55555034435003e-30,-3.79306950155768e-29,-5.02699264051794e-30,-1.80102684544615e-29,-3.43488077066518e-31,6.20778380500842e-30,&
1.15383892916396e-16,1.51001451489695e-15,8.62801893422947e-16,3.68112768427186e-16,-4.00473305311163e-17,-4.84368813106422e-30,-9.34307134620888e-31,1.20901444501252e-29,-2.34558824505015e-30,4.95350282227940e-30,4.05875979132974e-31,-2.04523488467466e-30,-6.84195600416407e-30,-3.11948926015094e-30,1.34482208287262e-30,&
-1.98975536223864e-16,-1.45530361945846e-16,-3.61909209244207e-16,-1.05606198161472e-16,1.83357517881419e-16,-2.13149331274451e-30,-4.12339522311780e-30,-2.34558824505015e-30,1.96092118729666e-30,1.54825034389355e-30,5.90626953686248e-30,1.94673090489585e-30,1.21285270110981e-30,-1.73140291887017e-30,-6.48403283378206e-31,&
-8.77219372978805e-17,-6.94255958656361e-17,-4.12486035921340e-16,3.37323858037254e-15,4.89594035507234e-16,-3.83116647463937e-29,7.55555034435003e-30,4.95350282227940e-30,1.54825034389355e-30,5.40732838882300e-29,-8.41749142556622e-30,2.06739133302118e-30,-5.20750747101364e-29,-3.41882161780745e-29,1.04901454290346e-29,&
9.91270557685071e-18,1.42613577566486e-15,-8.39540077669123e-16,-1.36784906687264e-15,1.52259157662878e-15,4.66057438039510e-30,-3.79306950155768e-29,4.05875979132974e-31,5.90626953686248e-30,-8.41749142556622e-30,6.98070586686030e-29,9.26764092427663e-30,2.92441603478768e-29,-3.49676976516135e-30,-1.13676297679924e-29,&
-1.64716124337949e-16,-1.19503581149494e-16,-2.00545047940184e-16,-4.67214772595307e-17,2.80760864292852e-16,-2.04516151591623e-30,-5.02699264051794e-30,-2.04523488467466e-30,1.94673090489585e-30,2.06739133302118e-30,9.26764092427663e-30,2.35556456216173e-30,1.89696854357081e-30,-2.58014175031998e-30,-1.15904051799032e-30,&
-5.86556817225357e-17,1.20603792073870e-16,2.45423904597177e-16,-3.50860868928082e-15,7.45710812323954e-17,3.65374467234904e-29,-1.80102684544615e-29,-6.84195600416407e-30,1.21285270110981e-30,-5.20750747101364e-29,2.92441603478768e-29,1.89696854357081e-30,5.77917446979552e-29,3.00914256900658e-29,-1.34315275538953e-29,&
5.33028207110335e-17,-9.31874309888208e-17,3.16384191038683e-16,-2.04417178866394e-15,-5.22625373313252e-16,2.42212629069652e-29,-3.43488077066518e-31,-3.11948926015094e-30,-1.73140291887017e-30,-3.41882161780745e-29,-3.49676976516135e-30,-2.58014175031998e-30,3.00914256900658e-29,2.27811024770210e-29,-5.32209616998001e-30,&
4.98079036125431e-18,-1.00410693454817e-16,-5.99424977614415e-17,7.48220688402111e-16,-1.50060120304140e-16,-7.45887087748803e-30,6.20778380500842e-30,1.34482208287262e-30,-6.48403283378206e-31,1.04901454290346e-29,-1.13676297679924e-29,-1.15904051799032e-30,-1.34315275538953e-29,-5.32209616998001e-30,3.54550684762578e-30  /),(/15,15/))