real(kind=GRID_SR),Parameter :: s_b_3(15,15) = reshape((/ &
0.0444444444444442,5.92118946467380e-17,-1.85037170770858e-16,-1.77635683940015e-15,3.55271367880028e-16,0.0129629629629643,1.98606563294118e-16,2.11250769963334e-16,-2.46908974747344e-16,-0.0148148148148157,1.20274161000056e-17,-1.98375266830538e-16,0.0129629629629607,2.80986653697628e-16,-0.00555555555555588,&
5.92118946467380e-17,1.71926599572168e-28,3.11691621774485e-29,5.64934754752964e-29,-1.53041069938151e-29,3.38727356400042e-15,1.13294160621570e-28,-1.23415879941640e-28,2.38855372446852e-29,3.55271367880053e-16,1.51121214927081e-28,2.52131743005199e-29,-5.77055232352914e-15,-3.62693034714750e-29,-2.96059473233438e-17,&
-1.85037170770858e-16,3.11691621774485e-29,3.22234419080763e-29,-1.37968235948942e-28,2.78796591586877e-29,1.48942468601021e-15,-5.55389185629801e-29,1.15247354397126e-29,-1.83751948831362e-29,1.93425522512475e-15,-1.65312435225122e-29,-8.55084281491486e-30,-3.28008044138283e-16,9.27085080751591e-30,6.97590133806171e-16,&
-1.77635683940015e-15,5.64934754752964e-29,-1.37968235948942e-28,1.37232361962030e-27,-2.84552027793133e-28,-1.05681717281997e-14,5.63733935598426e-28,-3.76110119217501e-28,2.11260352894419e-28,-1.32634644008550e-14,3.97306038434194e-28,1.10361343496916e-28,-9.54074280532390e-15,-2.09868965723198e-28,-1.86795023893176e-15,&
3.55271367880028e-16,-1.53041069938151e-29,2.78796591586877e-29,-2.84552027793133e-28,5.91343051123831e-29,2.06488413754467e-15,-1.19547042521852e-28,8.11688310875184e-29,-4.40279750744398e-29,2.82983513165563e-15,-8.49740577926004e-29,-2.26619490126461e-29,2.07725002898227e-15,4.47409158212513e-29,3.58740814831991e-16,&
0.0129629629629643,3.38727356400042e-15,1.48942468601021e-15,-1.05681717281997e-14,2.06488413754467e-15,0.241975308641977,-1.14238389926820e-15,2.78641378197578e-17,-1.35854478105267e-15,0.0345679012345675,-2.55271206100680e-16,-7.81667104542007e-16,-0.0302469135802400,7.90883689048130e-16,0.0129629629629625,&
1.98606563294118e-16,1.13294160621570e-28,-5.55389185629801e-29,5.63733935598426e-28,-1.19547042521852e-28,-1.14238389926820e-15,3.20129195452452e-28,-2.17856651337230e-28,9.44782781169970e-29,-6.83239473228576e-15,2.42424630546748e-28,5.18293268134784e-29,-6.40106756091899e-15,-9.85666030729338e-29,-1.26411227164958e-15,&
2.11250769963334e-16,-1.23415879941640e-28,1.15247354397126e-29,-3.76110119217501e-28,8.11688310875184e-29,2.78641378197578e-17,-2.17856651337230e-28,1.88417773969318e-28,-6.58908011851494e-29,4.54286813928093e-15,-1.89857586967653e-28,-3.16901745285012e-29,5.84901920429107e-15,8.81579458702165e-29,-1.85653961340101e-16,&
-2.46908974747344e-16,2.38855372446852e-29,-1.83751948831362e-29,2.11260352894419e-28,-4.40279750744398e-29,-1.35854478105267e-15,9.44782781169970e-29,-6.58908011851494e-29,3.40882249523909e-29,-1.80596278672353e-15,7.41210830490469e-29,2.01008088540020e-29,-1.97189299635936e-15,-3.33811582919069e-29,-3.55155719648296e-16,&
-0.0148148148148157,3.55271367880053e-16,1.93425522512475e-15,-1.32634644008550e-14,2.82983513165563e-15,0.0345679012345675,-6.83239473228576e-15,4.54286813928093e-15,-1.80596278672353e-15,0.316049382716044,-2.88164553947271e-15,1.26647663550096e-16,0.0345679012345675,2.81832170769646e-15,-0.0148148148148149,&
1.20274161000056e-17,1.51121214927081e-28,-1.65312435225122e-29,3.97306038434194e-28,-8.49740577926004e-29,-2.55271206100680e-16,2.42424630546748e-28,-1.89857586967653e-28,7.41210830490469e-29,-2.88164553947271e-15,2.29184959042067e-28,5.25045774169967e-29,-7.05863136390425e-15,-7.68007816208472e-29,-8.81702118723317e-16,&
-1.98375266830538e-16,2.52131743005199e-29,-8.55084281491486e-30,1.10361343496916e-28,-2.26619490126461e-29,-7.81667104542007e-16,5.18293268134784e-29,-3.16901745285012e-29,2.01008088540020e-29,1.26647663550096e-16,5.25045774169967e-29,1.98276059088897e-29,-1.56743117760782e-15,-1.10021514686720e-29,-6.09157785941861e-16,&
0.0129629629629607,-5.77055232352914e-15,-3.28008044138283e-16,-9.54074280532390e-15,2.07725002898227e-15,-0.0302469135802400,-6.40106756091899e-15,5.84901920429107e-15,-1.97189299635936e-15,0.0345679012345675,-7.05863136390425e-15,-1.56743117760782e-15,0.241975308641975,2.23804629843548e-15,0.0129629629629630,&
2.80986653697628e-16,-3.62693034714750e-29,9.27085080751591e-30,-2.09868965723198e-28,4.47409158212513e-29,7.90883689048130e-16,-9.85666030729338e-29,8.81579458702165e-29,-3.33811582919069e-29,2.81832170769646e-15,-7.68007816208472e-29,-1.10021514686720e-29,2.23804629843548e-15,4.81794686983341e-29,-3.85147161077460e-16,&
-0.00555555555555588,-2.96059473233438e-17,6.97590133806171e-16,-1.86795023893176e-15,3.58740814831991e-16,0.0129629629629625,-1.26411227164958e-15,-1.85653961340101e-16,-3.55155719648296e-16,-0.0148148148148149,-8.81702118723317e-16,-6.09157785941861e-16,0.0129629629629630,-3.85147161077460e-16,0.0444444444444439  /),(/15,15/))