real(kind=GRID_SR),Parameter :: s_b_2(28,28) = reshape((/ &
2.13460770042526e-23,4.09288217165616e-23,-6.04412218597865e-24,-3.22880457642316e-24,-1.85428274862760e-24,-1.16261313298238e-24,-1.50380352793181e-13,-2.44979399385543e-23,-2.36453503443238e-23,-1.08461603830206e-23,1.54422412343360e-24,-5.56684963299635e-24,-1.30404442233922e-13,2.53859283599433e-23,3.63866551409509e-23,2.34426313930315e-23,2.32038511421090e-24,1.36527213515609e-12,-1.47413637809185e-23,-6.20244337717060e-24,6.52309335184174e-26,1.47701950985824e-12,1.24810337191339e-23,1.01009798095069e-23,-9.66977849080693e-14,-9.75182508606754e-24,3.57222838414425e-13,-1.13620812788395e-13,&
4.09288217165616e-23,2.00428928332816e-22,4.00231991054636e-24,-7.49640043944227e-24,-3.33669043636544e-24,-4.87737809921518e-24,-3.93378343952450e-13,-4.49421795825328e-23,-6.88190348400601e-23,-3.94122276075693e-23,-5.48857779754841e-24,-1.65673627811205e-23,-3.69263544901926e-13,3.27459461470667e-23,4.72499021017636e-23,6.40433204726578e-23,9.13599343825397e-24,5.19088263491928e-12,-1.99487651814563e-23,2.21823235817407e-23,1.33458875650096e-23,-5.87568027016362e-13,2.09845796697705e-23,2.82361133548865e-23,-1.28379213264933e-12,-1.00501600766037e-23,2.82577968903438e-12,-1.30646510472325e-13,&
-6.04412218597865e-24,4.00231991054636e-24,3.29069814845466e-23,9.49002800389819e-24,6.14752373223942e-24,2.99613885214694e-24,-6.28495244630232e-13,-2.45873232088220e-23,-1.02588016052524e-23,1.01113579391696e-23,3.34655111926190e-23,-3.75593335355964e-24,6.42744896662884e-13,2.20175001298285e-23,4.27368486769180e-23,3.30004266134939e-23,-2.47805304945211e-23,-1.38089745231895e-13,1.21401550291147e-24,4.82909422074930e-23,-4.51876480708606e-23,-1.49340316615535e-12,1.61558181319250e-23,-7.34308635091998e-23,-4.63742810203437e-13,-3.09534696649624e-23,-3.92836962370053e-13,-2.31105381886422e-14,&
-3.22880457642316e-24,-7.49640043944227e-24,9.49002800389819e-24,7.72686982107003e-24,3.08821694518855e-24,1.04977136851429e-24,-2.66189387844842e-13,-8.80001817279231e-24,7.29152091240098e-24,8.18995507232073e-24,1.10979361652730e-23,-1.05023630997244e-24,-2.99827485796506e-13,9.96282551256299e-24,8.54257049407619e-25,8.33590865524513e-26,-1.39534891353204e-23,-6.16388513553722e-13,-4.62858820174063e-24,1.32384681148143e-23,-1.78802301587296e-23,-2.61685915140087e-13,6.09644495766931e-24,-3.51971922643952e-23,-4.43288232815084e-13,-1.39488151564274e-23,-4.27753793755229e-14,1.06845541062465e-13,&
-1.85428274862760e-24,-3.33669043636544e-24,6.14752373223942e-24,3.08821694518855e-24,2.24987802389839e-24,8.79265253294239e-25,-1.82119733879531e-13,-5.81762374312203e-24,-2.52694223449116e-24,3.19544815406895e-24,1.08414427966950e-23,4.49745131354635e-25,-5.43332291271814e-14,3.45205359453387e-24,7.72470496416600e-24,9.72830992718185e-24,-7.40557338901638e-24,-1.29199005812554e-13,1.90813833374435e-24,1.27644506938911e-23,-1.35546270298423e-23,-2.10331244546099e-13,1.63320893397652e-24,-2.23683482704124e-23,2.66923111495248e-14,-6.66264472046819e-24,-1.56971355116293e-13,9.41995288808445e-14,&
-1.16261313298238e-24,-4.87737809921518e-24,2.99613885214694e-24,1.04977136851429e-24,8.79265253294239e-25,5.65616445127983e-25,-7.67374416150868e-14,-2.31378804960799e-24,-1.79801839930734e-24,1.84573348587413e-24,5.33782561667497e-24,3.38042052814251e-25,7.87647341102407e-14,1.72064774925601e-24,7.85194152625188e-24,5.05507891171123e-24,-3.27453644353076e-24,-1.33551947682720e-13,1.91742635928766e-24,4.60205730982007e-24,-7.25090497996287e-24,-6.83057284858710e-14,1.73982066901841e-25,-1.10365673286427e-23,1.30907017972081e-13,-3.26078439085201e-24,-9.88051458434161e-14,1.54012914731789e-14,&
-1.50380352793181e-13,-3.93378343952450e-13,-6.28495244630232e-13,-2.66189387844842e-13,-1.82119733879531e-13,-7.67374416150868e-14,0.0219780219780591,9.90732461182558e-13,6.77774358800700e-13,-1.41288459544473e-13,-1.08387336833056e-12,1.04444705186658e-13,0.00441591271491903,-8.27805035297468e-13,-1.66836970061030e-12,-1.33758660294846e-12,7.73309510538330e-13,-0.00551481381356326,9.32389332885371e-16,-1.18343467755902e-12,1.44062711411235e-12,0.00586080586137759,-3.60692596775249e-13,2.27960303183096e-12,-0.00551481381340763,9.11086583099309e-13,0.00441591271494780,-0.00183150183173538,&
-2.44979399385543e-23,-4.49421795825328e-23,-2.45873232088220e-23,-8.80001817279231e-24,-5.81762374312203e-24,-2.31378804960799e-24,9.90732461182558e-13,6.69927600170794e-23,4.44077532741116e-23,-1.56121084533146e-24,-4.78088983752835e-23,9.22533343735871e-24,-3.39639802384063e-13,-6.49512299291822e-23,-1.04752270459059e-22,-7.40091757813995e-23,2.86422633953285e-23,-1.33907578313768e-12,2.09082176521487e-23,-4.20303808430150e-23,6.02515406757663e-23,-1.24843344477737e-12,-3.55924860123700e-23,8.11275611476607e-23,4.81593126082743e-13,5.23244215385367e-23,1.41762227009568e-13,-8.04201868325353e-14,&
-2.36453503443238e-23,-6.88190348400601e-23,-1.02588016052524e-23,7.29152091240098e-24,-2.52694223449116e-24,-1.79801839930734e-24,6.77774358800700e-13,4.44077532741116e-23,8.45812939784220e-23,1.92662949190821e-23,-4.29323204653553e-23,1.98006640681584e-24,-9.76092990186352e-13,-2.65826241431004e-23,-1.31035064258500e-22,-1.07619197572930e-22,6.39714900921303e-24,-2.77390391699920e-12,-1.66151763776424e-23,-3.60100500209512e-23,4.73278076803598e-23,-5.64040056578596e-13,-1.91988308962964e-24,4.73180076157637e-23,-1.97786542241055e-12,1.86361915217708e-23,-3.68121329218855e-13,-6.06061325452293e-14,&
-1.08461603830206e-23,-3.94122276075693e-23,1.01113579391696e-23,8.18995507232073e-24,3.19544815406895e-24,1.84573348587413e-24,-1.41288459544473e-13,-1.56121084533146e-24,1.92662949190821e-23,1.77224171217933e-23,1.13727716356931e-23,2.17472273184482e-24,2.24597917176812e-13,6.77030378732666e-24,-1.63582045180732e-24,-1.11422094368318e-23,-1.34143223389023e-23,-1.49742506796474e-12,-3.62385297344971e-24,5.65765179110872e-24,-2.02687936291907e-23,-1.91723164401984e-13,4.90575949224345e-24,-3.68092934109112e-23,-4.00827610277621e-13,-1.34921223059776e-23,-3.81653228748471e-13,2.25414954582360e-13,&
1.54422412343360e-24,-5.48857779754841e-24,3.34655111926190e-23,1.10979361652730e-23,1.08414427966950e-23,5.33782561667497e-24,-1.08387336833056e-12,-4.78088983752835e-23,-4.29323204653553e-23,1.13727716356931e-23,6.91054036117859e-23,1.20203109795526e-24,6.42969379499853e-13,3.51255171940858e-23,1.04081483747828e-22,8.63828020928199e-23,-3.69594523588613e-23,9.83692583857057e-14,1.14720527931494e-23,6.57015153000739e-23,-8.59882389853723e-23,-2.18945214125052e-13,1.32528824124293e-23,-1.24099920103894e-22,9.67137847028987e-13,-4.39954657599553e-23,-8.22090905161474e-13,4.06289712692392e-13,&
-5.56684963299635e-24,-1.65673627811205e-23,-3.75593335355964e-24,-1.05023630997244e-24,4.49745131354635e-25,3.38042052814251e-25,1.04444705186658e-13,9.22533343735871e-24,1.98006640681584e-24,2.17472273184482e-24,1.20203109795526e-24,4.63095819310863e-24,9.69784435201121e-14,-1.18862177570466e-23,-7.03276147244468e-24,-1.05222955173289e-24,2.91805148710944e-24,-3.21056754203316e-13,8.05294725382846e-24,-2.69403413953004e-24,5.70717818907530e-26,-3.33736076881050e-14,-8.23735550179067e-24,1.90951106388610e-24,4.11000519130263e-13,7.79853455970291e-24,-1.64090746619638e-13,1.95604690836183e-13,&
-1.30404442233922e-13,-3.69263544901926e-13,6.42744896662884e-13,-2.99827485796506e-13,-5.43332291271814e-14,7.87647341102407e-14,0.00441591271491903,-3.39639802384063e-13,-9.76092990186352e-13,2.24597917176812e-13,6.42969379499853e-13,9.69784435201121e-14,0.127765868013213,5.06516804747053e-13,3.21786624505232e-12,1.46399138378897e-12,3.44876059250619e-13,0.0132967032966397,2.95425173042053e-13,-4.62670935783854e-15,-7.92315700806289e-13,-0.0141309206877108,3.61642601807862e-13,-1.04994219699297e-13,0.0132967032965523,-4.64921084200435e-13,-0.0106471556688175,0.00441591271490230,&
2.53859283599433e-23,3.27459461470667e-23,2.20175001298285e-23,9.96282551256299e-24,3.45205359453387e-24,1.72064774925601e-24,-8.27805035297468e-13,-6.49512299291822e-23,-2.65826241431004e-23,6.77030378732666e-24,3.51255171940858e-23,-1.18862177570466e-23,5.06516804747053e-13,7.30056408048323e-23,9.59097193772019e-23,4.93323781172904e-23,-2.63842014582704e-23,7.17933019622752e-13,-3.36823408665353e-23,2.23645499569298e-23,-4.96771040846285e-23,1.70742501147084e-12,4.24367701519858e-23,-6.67169206951512e-23,-1.12709249538266e-12,-5.56520031085905e-23,-2.67055808798146e-14,-7.41714847799751e-14,&
3.63866551409509e-23,4.72499021017636e-23,4.27368486769180e-23,8.54257049407619e-25,7.72470496416600e-24,7.85194152625188e-24,-1.66836970061030e-12,-1.04752270459059e-22,-1.31035064258500e-22,-1.63582045180732e-24,1.04081483747828e-22,-7.03276147244468e-24,3.21786624505232e-12,9.59097193772019e-23,3.15395886519278e-22,1.89264319181654e-22,-4.32961408397942e-23,1.81417144764672e-12,1.67874989476549e-23,5.40249474205641e-23,-1.43460714642395e-22,1.91916495844253e-12,2.42385173299093e-23,-1.76419938598636e-22,3.64687248580029e-12,-8.34171991044850e-23,4.43543817053444e-13,-8.03065319004853e-14,&
2.34426313930315e-23,6.40433204726578e-23,3.30004266134939e-23,8.33590865524513e-26,9.72830992718185e-24,5.05507891171123e-24,-1.33758660294846e-12,-7.40091757813995e-23,-1.07619197572930e-22,-1.11422094368318e-23,8.63828020928199e-23,-1.05222955173289e-24,1.46399138378897e-12,4.93323781172904e-23,1.89264319181654e-22,1.59177284990010e-22,-2.90590028931296e-23,2.84808417056727e-12,2.16938258644721e-23,7.96816887800265e-23,-9.96948951611461e-23,3.66477029396207e-13,1.36450805182015e-23,-1.22102026058050e-22,2.29095130889191e-12,-4.69753804352195e-23,-3.08219428598353e-13,3.55622868940807e-13,&
2.32038511421090e-24,9.13599343825397e-24,-2.47805304945211e-23,-1.39534891353204e-23,-7.40557338901638e-24,-3.27453644353076e-24,7.73309510538330e-13,2.86422633953285e-23,6.39714900921303e-24,-1.34143223389023e-23,-3.69594523588613e-23,2.91805148710944e-24,3.44876059250619e-13,-2.63842014582704e-23,-4.32961408397942e-23,-2.90590028931296e-23,3.36665069923206e-23,8.71316225138654e-13,1.79484138689733e-25,-3.83378596742201e-23,5.46463976210170e-23,4.86569774759061e-13,-1.08131082182190e-23,9.45632852286318e-23,-4.03087033495486e-14,3.45698205362441e-23,1.33080413314299e-13,-8.32343938280533e-14,&
1.36527213515609e-12,5.19088263491928e-12,-1.38089745231895e-13,-6.16388513553722e-13,-1.29199005812554e-13,-1.33551947682720e-13,-0.00551481381356326,-1.33907578313768e-12,-2.77390391699920e-12,-1.49742506796474e-12,9.83692583857057e-14,-3.21056754203316e-13,0.0132967032966397,7.17933019622752e-13,1.81417144764672e-12,2.84808417056727e-12,8.71316225138654e-13,0.199267099019466,-3.52393050908939e-13,1.08394199944093e-12,7.89370647322178e-13,0.0176474042037907,6.93962604178719e-13,2.25726432913543e-12,-0.0166055915866462,1.78774858678468e-13,0.0132967032941871,-0.00551481381431865,&
-1.47413637809185e-23,-1.99487651814563e-23,1.21401550291147e-24,-4.62858820174063e-24,1.90813833374435e-24,1.91742635928766e-24,9.32389332885371e-16,2.09082176521487e-23,-1.66151763776424e-23,-3.62385297344971e-24,1.14720527931494e-23,8.05294725382846e-24,2.95425173042053e-13,-3.36823408665353e-23,1.67874989476549e-23,2.16938258644721e-23,1.79484138689733e-25,-3.52393050908939e-13,3.90231066071854e-23,1.22806672347724e-23,-1.47948301751019e-23,-1.37736682124084e-12,-3.03638837045710e-23,-2.25116449421815e-23,2.24268924810027e-12,1.70990830618217e-23,3.57647500267402e-14,4.73834729479660e-14,&
-6.20244337717060e-24,2.21823235817407e-23,4.82909422074930e-23,1.32384681148143e-23,1.27644506938911e-23,4.60205730982007e-24,-1.18343467755902e-12,-4.20303808430150e-23,-3.60100500209512e-23,5.65765179110872e-24,6.57015153000739e-23,-2.69403413953004e-24,-4.62670935783854e-15,2.23645499569298e-23,5.40249474205641e-23,7.96816887800265e-23,-3.83378596742201e-23,1.08394199944093e-12,1.22806672347724e-23,1.06390086299662e-22,-7.19671612678393e-23,-2.39053823244212e-12,1.96018864751184e-23,-1.15376388874032e-22,-3.14061963433051e-13,-3.83999506532294e-23,-1.43758657073985e-12,1.46003725452558e-13,&
6.52309335184174e-26,1.33458875650096e-23,-4.51876480708606e-23,-1.78802301587296e-23,-1.35546270298423e-23,-7.25090497996287e-24,1.44062711411235e-12,6.02515406757663e-23,4.73278076803598e-23,-2.02687936291907e-23,-8.59882389853723e-23,5.70717818907530e-26,-7.92315700806289e-13,-4.96771040846285e-23,-1.43460714642395e-22,-9.96948951611461e-23,5.46463976210170e-23,7.89370647322178e-13,-1.47948301751019e-23,-7.19671612678393e-23,1.18432154162864e-22,3.99917905788585e-13,-1.38875863174739e-23,1.79137214002534e-22,-1.42198618958154e-12,6.31970179389502e-23,3.24641042692531e-13,-4.18358954913092e-13,&
1.47701950985824e-12,-5.87568027016362e-13,-1.49340316615535e-12,-2.61685915140087e-13,-2.10331244546099e-13,-6.83057284858710e-14,0.00586080586137759,-1.24843344477737e-12,-5.64040056578596e-13,-1.91723164401984e-13,-2.18945214125052e-13,-3.33736076881050e-14,-0.0141309206877108,1.70742501147084e-12,1.91916495844253e-12,3.66477029396207e-13,4.86569774759061e-13,0.0176474042037907,-1.37736682124084e-12,-2.39053823244212e-12,3.99917905788585e-13,0.225054945055175,6.41187789853976e-13,1.69853004497241e-12,0.0176474042039957,-3.41280401601983e-13,-0.0141309206881799,0.00586080586082573,&
1.24810337191339e-23,2.09845796697705e-23,1.61558181319250e-23,6.09644495766931e-24,1.63320893397652e-24,1.73982066901841e-25,-3.60692596775249e-13,-3.55924860123700e-23,-1.91988308962964e-24,4.90575949224345e-24,1.32528824124293e-23,-8.23735550179067e-24,3.61642601807862e-13,4.24367701519858e-23,2.42385173299093e-23,1.36450805182015e-23,-1.08131082182190e-23,6.93962604178719e-13,-3.03638837045710e-23,1.96018864751184e-23,-1.38875863174739e-23,6.41187789853976e-13,3.54525332781220e-23,-1.64776308145801e-23,-1.90249892203777e-12,-3.08590259872310e-23,-5.45188310865089e-13,-4.82057758673501e-14,&
1.01009798095069e-23,2.82361133548865e-23,-7.34308635091998e-23,-3.51971922643952e-23,-2.23683482704124e-23,-1.10365673286427e-23,2.27960303183096e-12,8.11275611476607e-23,4.73180076157637e-23,-3.68092934109112e-23,-1.24099920103894e-22,1.90951106388610e-24,-1.04994219699297e-13,-6.67169206951512e-23,-1.76419938598636e-22,-1.22102026058050e-22,9.45632852286318e-23,2.25726432913543e-12,-2.25116449421815e-23,-1.15376388874032e-22,1.79137214002534e-22,1.69853004497241e-12,-1.64776308145801e-23,2.92906625669776e-22,-1.69172267729241e-12,9.64120108424974e-23,1.75626740935748e-13,-5.17063179253574e-13,&
-9.66977849080693e-14,-1.28379213264933e-12,-4.63742810203437e-13,-4.43288232815084e-13,2.66923111495248e-14,1.30907017972081e-13,-0.00551481381340763,4.81593126082743e-13,-1.97786542241055e-12,-4.00827610277621e-13,9.67137847028987e-13,4.11000519130263e-13,0.0132967032965523,-1.12709249538266e-12,3.64687248580029e-12,2.29095130889191e-12,-4.03087033495486e-14,-0.0166055915866462,2.24268924810027e-12,-3.14061963433051e-13,-1.42198618958154e-12,0.0176474042039957,-1.90249892203777e-12,-1.69172267729241e-12,0.199267099019821,6.87262804539701e-13,0.0132967032968919,-0.00551481381420285,&
-9.75182508606754e-24,-1.00501600766037e-23,-3.09534696649624e-23,-1.39488151564274e-23,-6.66264472046819e-24,-3.26078439085201e-24,9.11086583099309e-13,5.23244215385367e-23,1.86361915217708e-23,-1.34921223059776e-23,-4.39954657599553e-23,7.79853455970291e-24,-4.64921084200435e-13,-5.56520031085905e-23,-8.34171991044850e-23,-4.69753804352195e-23,3.45698205362441e-23,1.78774858678468e-13,1.70990830618217e-23,-3.83999506532294e-23,6.31970179389502e-23,-3.41280401601983e-13,-3.08590259872310e-23,9.64120108424974e-23,6.87262804539701e-13,5.28272382327968e-23,1.61654005934022e-13,-6.52755555569803e-14,&
3.57222838414425e-13,2.82577968903438e-12,-3.92836962370053e-13,-4.27753793755229e-14,-1.56971355116293e-13,-9.88051458434161e-14,0.00441591271494780,1.41762227009568e-13,-3.68121329218855e-13,-3.81653228748471e-13,-8.22090905161474e-13,-1.64090746619638e-13,-0.0106471556688175,-2.67055808798146e-14,4.43543817053444e-13,-3.08219428598353e-13,1.33080413314299e-13,0.0132967032941871,3.57647500267402e-14,-1.43758657073985e-12,3.24641042692531e-13,-0.0141309206881799,-5.45188310865089e-13,1.75626740935748e-13,0.0132967032968919,1.61654005934022e-13,0.127765868013046,0.00441591271513395,&
-1.13620812788395e-13,-1.30646510472325e-13,-2.31105381886422e-14,1.06845541062465e-13,9.41995288808445e-14,1.54012914731789e-14,-0.00183150183173538,-8.04201868325353e-14,-6.06061325452293e-14,2.25414954582360e-13,4.06289712692392e-13,1.95604690836183e-13,0.00441591271490230,-7.41714847799751e-14,-8.03065319004853e-14,3.55622868940807e-13,-8.32343938280533e-14,-0.00551481381431865,4.73834729479660e-14,1.46003725452558e-13,-4.18358954913092e-13,0.00586080586082573,-4.82057758673501e-14,-5.17063179253574e-13,-0.00551481381420285,-6.52755555569803e-14,0.00441591271513395,0.0219780219781477  /),(/28,28/))