real(kind=GRID_SR),Parameter :: s_b_3(28,28) = reshape((/ &
0.0219780219778977,-1.03062044035566e-13,-9.03392134966287e-14,-3.69037319964436e-14,-1.54597539458842e-14,-4.51450028898439e-15,-3.60415807918355e-15,0.00441591271485564,3.09480260159157e-14,-6.91031480910840e-14,-1.13044596041701e-13,1.41176498629572e-14,1.24935102435679e-14,-0.00551481381398859,-2.76601315075809e-13,-1.41424290859061e-13,5.82229878714366e-14,1.78338818776967e-14,0.00586080586106125,8.89548914924601e-14,6.09564545562801e-14,2.46941190984884e-14,-0.00551481381430884,1.20549835834388e-13,-2.42046188960862e-14,0.00441591271327556,-7.67088017167239e-14,-0.00183150183172146,&
-1.03062044035566e-13,2.59364839111266e-23,5.86018870587630e-24,2.87249081349265e-24,1.53426723718602e-24,1.27980834442573e-24,1.35095697086968e-25,-8.32706280899771e-13,-4.12018946716800e-24,1.02920436249293e-24,7.41856218710922e-24,3.54893000236628e-25,-3.15659544983622e-25,2.91718891663985e-13,1.57800299093610e-23,4.81435745418968e-24,-7.37289532929955e-24,-1.66245293111658e-24,1.36144568960021e-12,-1.98185906237742e-24,-9.81915871019420e-24,-3.38804097595597e-24,-1.48195571038565e-12,-1.83910338405854e-23,1.09648642584433e-24,-1.41470782531874e-13,5.72411692526258e-24,-3.12200407946159e-14,&
-9.03392134966287e-14,5.86018870587630e-24,2.78014518337179e-23,7.91081002023701e-24,3.79418278479195e-24,2.90659971140267e-24,-1.18922039373042e-25,-1.89519499057260e-13,2.93812291102166e-23,2.44102638753711e-23,2.96423821585455e-23,-2.89495262795971e-24,-2.03157821391901e-24,-5.04022788336592e-13,3.70236508184810e-23,2.15564194828247e-23,-1.81985706373580e-23,-5.13427681497910e-24,3.11156294054827e-13,1.56409398262065e-23,-2.50642942980570e-23,-7.55034517420410e-24,-3.21576147470615e-13,-5.62830143086406e-23,3.98161565873924e-24,-1.82501309761835e-12,1.41343901653102e-23,-1.24068846356170e-13,&
-3.69037319964436e-14,2.87249081349265e-24,7.91081002023701e-24,5.20724214339510e-24,2.76012503679550e-24,1.80852368426967e-24,9.24475494576786e-26,-1.36060311183820e-13,7.19099813063092e-24,8.40815712829875e-24,1.57117186609092e-23,5.57601109250343e-25,-4.16819357325087e-25,-3.50114690431956e-13,1.27561382526333e-23,1.24488395076410e-23,-9.94171038808248e-24,-3.48984506287973e-24,-4.11462870289669e-13,1.15629118935532e-23,-1.40806399590744e-23,-6.20694373469735e-24,-6.47683309689236e-13,-2.09983741521336e-23,-3.39284385288646e-24,-4.87842301321738e-13,2.06845907515759e-24,3.99448484086236e-14,&
-1.54597539458842e-14,1.53426723718602e-24,3.79418278479195e-24,2.76012503679550e-24,1.69574660701235e-24,9.75727280706175e-25,7.24102028123842e-26,-1.45907108271473e-14,3.39711680311976e-24,4.70023479756241e-24,9.09227675229542e-24,1.09568677160607e-24,-1.43113551446240e-25,-1.47923955872235e-13,5.10337470783498e-24,7.13847227097363e-24,-5.05986844260383e-24,-1.80744838670360e-24,-1.65945043624693e-13,6.69437052193487e-24,-8.10795337564160e-24,-3.46653360323573e-24,-3.77442098208187e-13,-1.21732687796389e-23,-1.65556184531873e-24,-2.55199434831635e-13,2.06115980819417e-24,8.64600414069459e-14,&
-4.51450028898439e-15,1.27980834442573e-24,2.90659971140267e-24,1.80852368426967e-24,9.75727280706175e-25,6.49705589549087e-25,2.53798919086434e-26,-2.19816315312082e-14,2.68289544387680e-24,3.05361722675396e-24,5.57631849434292e-24,2.11745549884664e-25,-1.50558241951446e-25,-9.51304412394040e-14,4.51829868308345e-24,4.23003803362086e-24,-3.54482443879938e-24,-1.20622066671648e-24,-1.11512947838567e-13,4.10592291750711e-24,-5.09732511508999e-24,-2.14347228428711e-24,-2.54373798094772e-13,-7.98472155085486e-24,-9.84314114817248e-25,-1.84894191222704e-13,9.99261646599586e-25,1.07832825911222e-14,&
-3.60415807918355e-15,1.35095697086968e-25,-1.18922039373042e-25,9.24475494576786e-26,7.24102028123842e-26,2.53798919086434e-26,1.08090488507446e-26,-1.44045361282948e-14,-2.55988821934547e-25,-3.18892705220615e-26,2.44851549304097e-25,1.33195248269328e-25,1.76603329908857e-26,-1.25579806111650e-14,-1.08128395254593e-25,2.84006363953798e-25,-9.63816366974585e-26,-5.92985754698127e-26,-8.72985037940259e-15,1.77348204380976e-25,-2.12855825166892e-25,-1.56241748507108e-25,-1.88410800300708e-14,3.54253722766020e-27,-1.99856126133473e-25,1.08305039715836e-14,-5.00866800738900e-26,1.11452869724929e-14,&
0.00441591271485564,-8.32706280899771e-13,-1.89519499057260e-13,-1.36060311183820e-13,-1.45907108271473e-14,-2.19816315312082e-14,-1.44045361282948e-14,0.127765868013704,3.75429909045344e-13,1.22138174996467e-13,-1.15335902012147e-13,1.35000772789299e-13,2.79281122874658e-14,0.0132967032967443,-1.00185490052690e-12,-3.71826836109770e-13,2.47004692019583e-13,9.18353771314859e-14,-0.0141309206868372,3.95861270104474e-13,7.84276809148060e-14,1.46817631198882e-13,0.0132967032980184,-2.12227065715924e-13,1.98715167915884e-13,-0.0106471556675376,1.86359048840263e-13,0.00441591271503374,&
3.09480260159157e-14,-4.12018946716800e-24,2.93812291102166e-23,7.19099813063092e-24,3.39711680311976e-24,2.68289544387680e-24,-2.55988821934547e-25,3.75429909045344e-13,3.64841547454767e-23,2.73269207139141e-23,2.93884240582081e-23,-3.56656686057612e-24,-2.16223473687345e-24,-7.13893838350576e-13,3.40306887498107e-23,2.05501982254415e-23,-1.69539683661987e-23,-4.75146436457271e-24,5.72442379107195e-15,1.85496835129293e-23,-2.37412982392597e-23,-6.41935892211145e-24,2.27524212251195e-13,-5.73189733211237e-23,5.17703801755343e-24,-2.05715372883908e-12,1.43650318733118e-23,-1.63330429755983e-13,&
-6.91031480910840e-14,1.02920436249293e-24,2.44102638753711e-23,8.40815712829875e-24,4.70023479756241e-24,3.05361722675396e-24,-3.18892705220615e-26,1.22138174996467e-13,2.73269207139141e-23,2.44819374773217e-23,3.22425954829318e-23,-2.45815619640834e-25,-1.61534206056321e-24,-4.55970124045284e-13,2.93759542429693e-23,2.37659881248583e-23,-1.77847019721101e-23,-5.43928182911421e-24,-1.17265058062889e-13,2.02006878895991e-23,-2.70499543741784e-23,-8.87376950333573e-24,-3.92917589080861e-13,-5.55578458477395e-23,1.96052576773674e-24,-1.70457645304359e-12,1.39755042044733e-23,7.44804096375973e-14,&
-1.13044596041701e-13,7.41856218710922e-24,2.96423821585455e-23,1.57117186609092e-23,9.09227675229542e-24,5.57631849434292e-24,2.44851549304097e-25,-1.15335902012147e-13,2.93884240582081e-23,3.22425954829318e-23,5.34193056175341e-23,3.16528258589524e-24,-1.60596722003205e-24,-8.87543221487455e-13,3.95294319358939e-23,4.12107809314877e-23,-3.04618363131291e-23,-1.02914241473692e-23,-7.28313591757459e-13,3.68704883724068e-23,-4.67200790930041e-23,-1.85353061326638e-23,-1.68368018801015e-12,-7.87869503719635e-23,-5.45481960058768e-24,-1.98909992959249e-12,1.51652513778082e-23,3.04762727073369e-13,&
1.41176498629572e-14,3.54893000236628e-25,-2.89495262795971e-24,5.57601109250343e-25,1.09568677160607e-24,2.11745549884664e-25,1.33195248269328e-25,1.35000772789299e-13,-3.56656686057612e-24,-2.45815619640834e-25,3.16528258589524e-24,3.21432087665552e-24,4.25302350392170e-25,1.92575161667019e-14,-6.67848515076110e-24,2.77982717225515e-24,1.38619172731221e-25,-2.66926930960685e-25,8.74462082626628e-15,3.19288033386570e-24,-2.88840213695287e-24,-1.55356219469384e-24,-2.70394366583469e-13,-1.41233365147306e-24,-1.46143245517887e-24,1.39883902673758e-13,1.46682552051087e-24,2.47175270686841e-13,&
1.24935102435679e-14,-3.15659544983622e-25,-2.03157821391901e-24,-4.16819357325087e-25,-1.43113551446240e-25,-1.50558241951446e-25,1.76603329908857e-26,2.79281122874658e-14,-2.16223473687345e-24,-1.61534206056321e-24,-1.60596722003205e-24,4.25302350392170e-25,1.69325166965424e-25,1.81911452656275e-14,-2.87880161147846e-24,-1.14173172834598e-24,1.08604129180569e-24,2.70460751402429e-25,-2.59063100649752e-14,-5.96331436061010e-25,1.29853112938517e-24,2.95888579224441e-25,-1.60876297268508e-14,3.51164046864461e-24,-4.92459962480944e-25,1.31506369232394e-13,-9.36819494961787e-25,2.36922241587020e-14,&
-0.00551481381398859,2.91718891663985e-13,-5.04022788336592e-13,-3.50114690431956e-13,-1.47923955872235e-13,-9.51304412394040e-14,-1.25579806111650e-14,0.0132967032967443,-7.13893838350576e-13,-4.55970124045284e-13,-8.87543221487455e-13,1.92575161667019e-14,1.81911452656275e-14,0.199267099018599,-5.39966492059316e-13,-1.05095698972368e-12,5.36539632675037e-13,2.60886836419437e-13,0.0176474042038098,-9.17535581726216e-13,6.14864646122271e-13,4.79180720397597e-13,-0.0166055915865661,3.47506996307446e-13,6.71856114715711e-13,0.0132967032957865,4.74489072629024e-13,-0.00551481381418006,&
-2.76601315075809e-13,1.57800299093610e-23,3.70236508184810e-23,1.27561382526333e-23,5.10337470783498e-24,4.51829868308345e-24,-1.08128395254593e-25,-1.00185490052690e-12,3.40306887498107e-23,2.93759542429693e-23,3.95294319358939e-23,-6.67848515076110e-24,-2.87880161147846e-24,-5.39966492059316e-13,6.12548969664279e-23,2.96300251924632e-23,-2.89824297592958e-23,-8.48041993243863e-24,-7.91146391244106e-14,1.95873080884801e-23,-3.49683531129307e-23,-1.22250007666180e-23,-1.06248250074291e-12,-7.11955478820163e-23,1.15764050987037e-24,-2.22604368153427e-12,1.24291648006807e-23,-4.44509330633084e-13,&
-1.41424290859061e-13,4.81435745418968e-24,2.15564194828247e-23,1.24488395076410e-23,7.13847227097363e-24,4.23003803362086e-24,2.84006363953798e-25,-3.71826836109770e-13,2.05501982254415e-23,2.37659881248583e-23,4.12107809314877e-23,2.77982717225515e-24,-1.14173172834598e-24,-1.05095698972368e-12,2.96300251924632e-23,3.37074445665516e-23,-2.31675734888417e-23,-8.19840985376075e-24,-7.15164907336341e-13,2.82443631672839e-23,-3.52457936717327e-23,-1.49958837091811e-23,-1.14238374400370e-12,-5.56479016520741e-23,-6.43128815492989e-24,-1.37862608969450e-12,9.44103371451766e-24,3.02886963585227e-13,&
5.82229878714366e-14,-7.37289532929955e-24,-1.81985706373580e-23,-9.94171038808248e-24,-5.05986844260383e-24,-3.54482443879938e-24,-9.63816366974585e-26,2.47004692019583e-13,-1.69539683661987e-23,-1.77847019721101e-23,-3.04618363131291e-23,1.38619172731221e-25,1.08604129180569e-24,5.36539632675037e-13,-2.89824297592958e-23,-2.31675734888417e-23,1.99995415826358e-23,6.64560206353085e-24,5.72200325388186e-13,-2.12982334919220e-23,2.76048029090765e-23,1.13590210560226e-23,1.25923584634157e-12,4.52095319034064e-23,4.50214293721591e-24,1.13648150585679e-12,-5.76564239537944e-24,2.45581180483239e-14,&
1.78338818776967e-14,-1.66245293111658e-24,-5.13427681497910e-24,-3.48984506287973e-24,-1.80744838670360e-24,-1.20622066671648e-24,-5.92985754698127e-26,9.18353771314859e-14,-4.75146436457271e-24,-5.43928182911421e-24,-1.02914241473692e-23,-2.66926930960685e-25,2.70460751402429e-25,2.60886836419437e-13,-8.48041993243863e-24,-8.19840985376075e-24,6.64560206353085e-24,2.35570364636377e-24,3.09515669087508e-13,-7.80092033367670e-24,9.23536421822511e-24,4.16093357354400e-24,4.28824510691378e-13,1.34220600408844e-23,2.49655425796758e-24,3.11929996168065e-13,-9.42070008456650e-25,-1.59268107737361e-14,&
0.00586080586106125,1.36144568960021e-12,3.11156294054827e-13,-4.11462870289669e-13,-1.65945043624693e-13,-1.11512947838567e-13,-8.72985037940259e-15,-0.0141309206868372,5.72442379107195e-15,-1.17265058062889e-13,-7.28313591757459e-13,8.74462082626628e-15,-2.59063100649752e-14,0.0176474042038098,-7.91146391244106e-14,-7.15164907336341e-13,5.72200325388186e-13,3.09515669087508e-13,0.225054945056097,-1.28244374827008e-12,5.83729076498561e-13,5.20453098619884e-13,0.0176474042035952,-4.37037398525243e-13,9.50789174707034e-13,-0.0141309206875037,9.95226595482034e-13,0.00586080586106339,&
8.89548914924601e-14,-1.98185906237742e-24,1.56409398262065e-23,1.15629118935532e-23,6.69437052193487e-24,4.10592291750711e-24,1.77348204380976e-25,3.95861270104474e-13,1.85496835129293e-23,2.02006878895991e-23,3.68704883724068e-23,3.19288033386570e-24,-5.96331436061010e-25,-9.17535581726216e-13,1.95873080884801e-23,2.82443631672839e-23,-2.12982334919220e-23,-7.80092033367670e-24,-1.28244374827008e-12,3.18523215732678e-23,-3.27065717843015e-23,-1.43388165912058e-23,-1.35145332083665e-12,-4.78543207050148e-23,-8.50630711167714e-24,-1.11332626816460e-12,4.66705379844645e-24,2.12760619059822e-13,&
6.09564545562801e-14,-9.81915871019420e-24,-2.50642942980570e-23,-1.40806399590744e-23,-8.10795337564160e-24,-5.09732511508999e-24,-2.12855825166892e-25,7.84276809148060e-14,-2.37412982392597e-23,-2.70499543741784e-23,-4.67200790930041e-23,-2.88840213695287e-24,1.29853112938517e-24,6.14864646122271e-13,-3.49683531129307e-23,-3.52457936717327e-23,2.76048029090765e-23,9.23536421822511e-24,5.83729076498561e-13,-3.27065717843015e-23,4.19649332845970e-23,1.67044346249615e-23,1.85441277525624e-12,6.97486554015110e-23,5.29497505891284e-24,1.66892833011037e-12,-1.27203371604722e-23,-2.24762084206095e-13,&
2.46941190984884e-14,-3.38804097595597e-24,-7.55034517420410e-24,-6.20694373469735e-24,-3.46653360323573e-24,-2.14347228428711e-24,-1.56241748507108e-25,1.46817631198882e-13,-6.41935892211145e-24,-8.87376950333573e-24,-1.85353061326638e-23,-1.55356219469384e-24,2.95888579224441e-25,4.79180720397597e-13,-1.22250007666180e-23,-1.49958837091811e-23,1.13590210560226e-23,4.16093357354400e-24,5.20453098619884e-13,-1.43388165912058e-23,1.67044346249615e-23,7.74632116442988e-24,8.51580232274195e-13,2.27778102947576e-23,5.08496155295754e-24,4.55680022272414e-13,-1.71354390303365e-24,-1.10075060840683e-13,&
-0.00551481381430884,-1.48195571038565e-12,-3.21576147470615e-13,-6.47683309689236e-13,-3.77442098208187e-13,-2.54373798094772e-13,-1.88410800300708e-14,0.0132967032980184,2.27524212251195e-13,-3.92917589080861e-13,-1.68368018801015e-12,-2.70394366583469e-13,-1.60876297268508e-14,-0.0166055915865661,-1.06248250074291e-12,-1.14238374400370e-12,1.25923584634157e-12,4.28824510691378e-13,0.0176474042035952,-1.35145332083665e-12,1.85441277525624e-12,8.51580232274195e-13,0.199267099018679,2.29473950605507e-12,5.94421295344248e-13,0.0132967032975115,-9.78230392843570e-14,-0.00551481381432665,&
1.20549835834388e-13,-1.83910338405854e-23,-5.62830143086406e-23,-2.09983741521336e-23,-1.21732687796389e-23,-7.98472155085486e-24,3.54253722766020e-27,-2.12227065715924e-13,-5.73189733211237e-23,-5.55578458477395e-23,-7.87869503719635e-23,-1.41233365147306e-24,3.51164046864461e-24,3.47506996307446e-13,-7.11955478820163e-23,-5.56479016520741e-23,4.52095319034064e-23,1.34220600408844e-23,-4.37037398525243e-13,-4.78543207050148e-23,6.97486554015110e-23,2.27778102947576e-23,2.29473950605507e-12,1.40411199519902e-22,-5.05484989619947e-24,3.89396424445170e-12,-3.62455454687000e-23,-2.02160276735020e-13,&
-2.42046188960862e-14,1.09648642584433e-24,3.98161565873924e-24,-3.39284385288646e-24,-1.65556184531873e-24,-9.84314114817248e-25,-1.99856126133473e-25,1.98715167915884e-13,5.17703801755343e-24,1.96052576773674e-24,-5.45481960058768e-24,-1.46143245517887e-24,-4.92459962480944e-25,6.71856114715711e-13,1.15764050987037e-24,-6.43128815492989e-24,4.50214293721591e-24,2.49655425796758e-24,9.50789174707034e-13,-8.50630711167714e-24,5.29497505891284e-24,5.08496155295754e-24,5.94421295344248e-13,-5.05484989619947e-24,8.98706739413814e-24,-3.70411535361024e-13,8.02862923155620e-24,-6.37391321283642e-14,&
0.00441591271327556,-1.41470782531874e-13,-1.82501309761835e-12,-4.87842301321738e-13,-2.55199434831635e-13,-1.84894191222704e-13,1.08305039715836e-14,-0.0106471556675376,-2.05715372883908e-12,-1.70457645304359e-12,-1.98909992959249e-12,1.39883902673758e-13,1.31506369232394e-13,0.0132967032957865,-2.22604368153427e-12,-1.37862608969450e-12,1.13648150585679e-12,3.11929996168065e-13,-0.0141309206875037,-1.11332626816460e-12,1.66892833011037e-12,4.55680022272414e-13,0.0132967032975115,3.89396424445170e-12,-3.70411535361024e-13,0.127765868015872,-1.08428679832355e-12,0.00441591271451243,&
-7.67088017167239e-14,5.72411692526258e-24,1.41343901653102e-23,2.06845907515759e-24,2.06115980819417e-24,9.99261646599586e-25,-5.00866800738900e-26,1.86359048840263e-13,1.43650318733118e-23,1.39755042044733e-23,1.51652513778082e-23,1.46682552051087e-24,-9.36819494961787e-25,4.74489072629024e-13,1.24291648006807e-23,9.44103371451766e-24,-5.76564239537944e-24,-9.42070008456650e-25,9.95226595482034e-13,4.66705379844645e-24,-1.27203371604722e-23,-1.71354390303365e-24,-9.78230392843570e-14,-3.62455454687000e-23,8.02862923155620e-24,-1.08428679832355e-12,1.65268079670325e-23,2.01565956009932e-13,&
-0.00183150183172146,-3.12200407946159e-14,-1.24068846356170e-13,3.99448484086236e-14,8.64600414069459e-14,1.07832825911222e-14,1.11452869724929e-14,0.00441591271503374,-1.63330429755983e-13,7.44804096375973e-14,3.04762727073369e-13,2.47175270686841e-13,2.36922241587020e-14,-0.00551481381418006,-4.44509330633084e-13,3.02886963585227e-13,2.45581180483239e-14,-1.59268107737361e-14,0.00586080586106339,2.12760619059822e-13,-2.24762084206095e-13,-1.10075060840683e-13,-0.00551481381432665,-2.02160276735020e-13,-6.37391321283642e-14,0.00441591271451243,2.01565956009932e-13,0.0219780219779715  /),(/28,28/))