real(kind=GRID_SR),Parameter :: s_b_2(6,6) = reshape((/ &
2.58522495374724e-32,-9.86011928076075e-33,-3.86763387265236e-17,1.11208832475143e-32,3.57403787032632e-18,4.35911255305932e-17,&
-9.86011928076075e-33,5.82043292611542e-31,-1.35115631171461e-16,1.70041128126729e-31,-4.72762076087093e-16,-1.26278510003301e-16,&
-3.86763387265236e-17,-1.35115631171461e-16,0.133333333333333,-7.95659834314702e-17,0.0666666666666666,-0.0333333333333333,&
1.11208832475143e-32,1.70041128126729e-31,-7.95659834314702e-17,6.84090316246354e-32,-1.18423789293351e-16,-2.40548322002115e-17,&
3.57403787032632e-18,-4.72762076087093e-16,0.0666666666666666,-1.18423789293351e-16,0.533333333333333,0.0666666666666667,&
4.35911255305932e-17,-1.26278510003301e-16,-0.0333333333333333,-2.40548322002115e-17,0.0666666666666667,0.133333333333333  /),(/6,6/))