real(kind=GRID_SR),Parameter :: s_m_inv(6,6) = reshape((/ &
72.0000000000000,-2.99999999999999,12.0000000000000,-3.00000000000002,12.0000000000000,12.0000000000000,&
-2.99999999999999,19.5000000000000,-2.99999999999999,-6.74999999999998,-6.75000000000000,12.0000000000000,&
12.0000000000000,-2.99999999999999,72.0000000000000,12.0000000000000,-2.99999999999999,12.0000000000000,&
-3.00000000000002,-6.74999999999998,12.0000000000000,19.5000000000000,-6.75000000000000,-2.99999999999998,&
12.0000000000000,-6.75000000000000,-2.99999999999999,-6.75000000000000,19.5000000000000,-3.00000000000001,&
12.0000000000000,12.0000000000000,12.0000000000000,-2.99999999999998,-3.00000000000001,72.0000000000000  /),(/6,6/))