real(kind=GRID_SR),Parameter :: s_m(15,15) = reshape((/ &
0.00268107128525454,-0.00161629788687497,0.000713709954931241,0.0000543505880765964,-0.000113227315837242,-0.00161629788687491,0.00168357404815258,-0.000173700243577816,-0.000801291096340848,0.000713709954931294,-0.000173700243578202,-0.00171345017685119,0.0000543505880763694,-0.000801291096340966,-0.000113227315837276,&
-0.00161629788687497,0.0157002852209832,-0.00211606381561915,0.000356442140125812,0.0000543505880768616,0.00710401411902037,0.00345922387997148,-0.000746648577397287,0.00204738333539646,-0.00381095804190225,-0.00185600049858252,0.00286889646157167,0.00204738333539596,0.000992003040036668,-0.000801291096340679,&
0.000713709954931241,-0.00211606381561915,0.0205112496336641,-0.00211606381561903,0.000713709954931324,-0.00381095804190243,0.00919531235401390,0.00919531235401474,-0.00381095804190247,-0.00243685210611988,-0.00728341972720580,-0.00243685210611966,0.00286889646157134,0.00286889646157141,-0.00171345017685110,&
0.0000543505880765964,0.000356442140125812,-0.00211606381561903,0.0157002852209834,-0.00161629788687478,0.00204738333539553,-0.000746648577398619,0.00345922387997208,0.00710401411902028,0.00286889646157138,-0.00185600049858515,-0.00381095804190256,0.000992003040035595,0.00204738333539567,-0.000801291096340591,&
-0.000113227315837242,0.0000543505880768616,0.000713709954931324,-0.00161629788687478,0.00268107128525447,-0.000801291096340494,-0.000173700243577217,0.00168357404815233,-0.00161629788687487,-0.00171345017685107,-0.000173700243577290,0.000713709954931285,-0.000801291096340471,0.0000543505880767756,-0.000113227315837292,&
-0.00161629788687491,0.00710401411902037,-0.00381095804190243,0.00204738333539553,-0.000801291096340494,0.0157002852209836,0.00345922387997164,-0.00185600049858336,0.000992003040036416,-0.00211606381561905,-0.000746648577397473,0.00286889646157154,0.000356442140126604,0.00204738333539629,0.0000543505880766284,&
0.00168357404815258,0.00345922387997148,0.00919531235401390,-0.000746648577398619,-0.000173700243577217,0.00345922387997164,0.0821848211456022,0.00191956023143425,-0.00185600049858428,0.00919531235401390,0.00191956023143043,-0.00728341972720484,-0.000746648577398039,-0.00185600049858433,-0.000173700243577856,&
-0.000173700243577816,-0.000746648577397287,0.00919531235401474,0.00345922387997208,0.00168357404815233,-0.00185600049858336,0.00191956023143425,0.0821848211456045,0.00345922387997204,-0.00728341972720371,0.00191956023143709,0.00919531235401432,-0.00185600049858216,-0.000746648577396267,-0.000173700243577762,&
-0.000801291096340848,0.00204738333539646,-0.00381095804190247,0.00710401411902028,-0.00161629788687487,0.000992003040036416,-0.00185600049858428,0.00345922387997204,0.0157002852209836,0.00286889646157166,-0.000746648577398044,-0.00211606381561897,0.00204738333539599,0.000356442140126294,0.0000543505880767231,&
0.000713709954931294,-0.00381095804190225,-0.00243685210611988,0.00286889646157138,-0.00171345017685107,-0.00211606381561905,0.00919531235401390,-0.00728341972720371,0.00286889646157166,0.0205112496336641,0.00919531235401479,-0.00243685210611951,-0.00211606381561907,-0.00381095804190229,0.000713709954931148,&
-0.000173700243578202,-0.00185600049858252,-0.00728341972720580,-0.00185600049858515,-0.000173700243577290,-0.000746648577397473,0.00191956023143043,0.00191956023143709,-0.000746648577398044,0.00919531235401479,0.0821848211456073,0.00919531235401454,0.00345922387997192,0.00345922387997258,0.00168357404815204,&
-0.00171345017685119,0.00286889646157167,-0.00243685210611966,-0.00381095804190256,0.000713709954931285,0.00286889646157154,-0.00728341972720484,0.00919531235401432,-0.00211606381561897,-0.00243685210611951,0.00919531235401454,0.0205112496336641,-0.00381095804190255,-0.00211606381561914,0.000713709954931242,&
0.0000543505880763694,0.00204738333539596,0.00286889646157134,0.000992003040035595,-0.000801291096340471,0.000356442140126604,-0.000746648577398039,-0.00185600049858216,0.00204738333539599,-0.00211606381561907,0.00345922387997192,-0.00381095804190255,0.0157002852209832,0.00710401411902053,-0.00161629788687499,&
-0.000801291096340966,0.000992003040036668,0.00286889646157141,0.00204738333539567,0.0000543505880767756,0.00204738333539629,-0.00185600049858433,-0.000746648577396267,0.000356442140126294,-0.00381095804190229,0.00345922387997258,-0.00211606381561914,0.00710401411902053,0.0157002852209840,-0.00161629788687503,&
-0.000113227315837276,-0.000801291096340679,-0.00171345017685110,-0.000801291096340591,-0.000113227315837292,0.0000543505880766284,-0.000173700243577856,-0.000173700243577762,0.0000543505880767231,0.000713709954931148,0.00168357404815204,0.000713709954931242,-0.00161629788687499,-0.00161629788687503,0.00268107128525446  /),(/15,15/))