real(kind=GRID_SR),Parameter :: s_m(36,36) = reshape((/ &
0.000775083036154901,-0.000818263115251074,0.000553472984542674,-0.000230765461371053,0.0000535816422654269,0.0000359367611883396,-0.0000571104393306549,0.0000264318144029069,-0.000818263115350400,0.00141165699320839,-0.00117265353772347,0.000733214413131864,-0.000305549426853695,0.0000307672806510820,0.0000554083869298909,0.000553472984648839,-0.00117265353733590,0.00104399513559170,-0.000627059976799831,0.0000963461936304669,0.000231752915756846,-0.000230765460496357,0.000733214413190989,-0.000627059978555201,0.000159126353103685,0.000410005717596918,0.0000535816423251153,-0.000305549424581948,0.0000963461939633957,0.000410005719317763,0.0000359367623888778,0.0000307672782534694,0.000231752914403355,-0.0000571104387078581,0.0000554083873023747,0.0000264318140059807,&
-0.000818263115251074,0.00325524107555190,-0.00108339186468278,0.000571524573457386,-0.000171327447370794,-0.0000411067200346168,0.000113411448215378,-0.0000571104393997960,0.00166827765536585,-0.00118391112419891,0.00186855262308861,-0.00131031657032246,0.000607997183284625,-0.0000685946491487613,-0.000125034007532086,-0.00103087752240099,0.000965701758670321,-0.00143134394181346,0.000910027033463156,-0.0000986848655602497,-0.000492065279230632,0.000456995312390738,-0.000493078638208845,0.000808647242126960,-0.000202443090495845,-0.000697103752070113,-0.000261028683428794,0.0000976007540107370,-0.000140801710193173,-0.000495483647259832,0.000166663368449912,0.0000591973860344149,-0.000170496323932204,-0.000125034007007757,-0.0000479413538252947,0.0000554083856862524,&
0.000553472984542674,-0.00108339186468278,0.00455857112363489,-0.000864038359848929,0.000404790575488714,-0.0000994098377476764,-0.0000411067223873535,0.0000359367619904262,-0.00103087752166960,0.00271973120568056,0.000376276440472980,0.000828380606205053,-0.000464796785924564,0.0000131681182409811,0.000166663370902495,-7.37644329701423e-6,-0.00207414423972772,0.0000831792714515001,-0.000388289245199988,-0.0000813130091774656,0.000557325155997134,0.000502123565484963,0.00136884936330695,-0.000150661932141885,0.0000799777591343370,0.000506511568684058,-0.000532738271767723,-0.000824158719128405,9.71818114413459e-6,0.000172571697148709,0.000557325156648989,0.000485627812024589,-0.0000278974430543793,-0.000492065281649571,-0.000170496323281614,0.000231752915635475,&
-0.000230765461371053,0.000571524573457386,-0.000864038359848929,0.00534447140692327,-0.000790804700175185,0.000404790576921408,-0.000171327448827074,0.0000535816428036139,0.000456995314682034,-0.000985072640439463,0.00259933272189417,0.00177998625379719,-0.000219428947243934,0.000232353476517703,-0.000261028683950103,0.000502123563011495,-0.000392596766642342,-0.00239888379327633,-0.000493382912009014,0.000355077689524146,-0.000532738271348652,-0.000232325661181509,0.00126880660487817,0.00163106378116809,-0.0000645076122007278,-0.000234692412515861,-0.000234692413353937,-0.00151981602158744,-0.000762572649494536,0.000155235753618077,0.000506511572097586,0.00121413737429654,0.000172571697771749,-0.000697103753707826,-0.000495483652049326,0.000410005719301459,&
0.0000535816422654269,-0.000171327447370794,0.000404790575488714,-0.000790804700175185,0.00534447140594966,-0.000864038360560289,0.000571524572978314,-0.000230765461054766,-0.000261028682918565,0.000232353474424254,-0.000219428946789001,0.00177998625235678,0.00259933272170396,-0.000985072639188599,0.000456995314440503,-0.000532738273572061,0.000355077688763896,-0.000493382910937990,-0.00239888379064389,-0.000392596767243499,0.000502123563900362,-0.000234692411511038,-0.0000645076074285693,0.00163106378345412,0.00126880660489042,-0.000232325662136670,0.000155235754245332,-0.000762572648272660,-0.00151981602525300,-0.000234692413151231,0.000172571699016087,0.00121413737243762,0.000506511570278967,-0.000495483652471386,-0.000697103752037455,0.000410005719516578,&
0.0000359367611883396,-0.0000411067200346168,-0.0000994098377476764,0.000404790576921408,-0.000864038360560289,0.00455857112404679,-0.00108339186479718,0.000553472984832358,0.000166663371139513,0.0000131681168004251,-0.000464796782427772,0.000828380605317310,0.000376276441032504,0.00271973120706872,-0.00103087752236416,0.000557325154833715,-0.0000813130063821665,-0.000388289248580944,0.0000831792702861238,-0.00207414424040925,-7.37644179191000e-6,0.000506511570573843,0.0000799777572472660,-0.000150661936210999,0.00136884936016661,0.000502123563931204,0.000172571697423337,9.71818169408889e-6,-0.000824158719033721,-0.000532738272187675,-0.0000278974414399343,0.000485627813308334,0.000557325154066294,-0.000170496322836687,-0.000492065280408299,0.000231752914772944,&
-0.0000571104393306549,0.000113411448215378,-0.0000411067223873535,-0.000171327448827074,0.000571524572978314,-0.00108339186479718,0.00325524107601473,-0.000818263115608328,-0.000125034007430453,-0.0000685946472715306,0.000607997176028974,-0.00131031657238836,0.00186855262302125,-0.00118391112507574,0.00166827765640945,-0.000492065279290325,-0.0000986848715948240,0.000910027036984190,-0.00143134394284351,0.000965701760983499,-0.00103087752227812,-0.000697103754683150,-0.000202443087467456,0.000808647247231160,-0.000493078635469546,0.000456995315115702,-0.000495483647559018,-0.000140801711286085,0.0000976007538262145,-0.000261028682589980,-0.000170496325072256,0.0000591973865829048,0.000166663372309176,-0.0000479413557452335,-0.000125034004770503,0.0000554083867182193,&
0.0000264318144029069,-0.0000571104393997960,0.0000359367619904262,0.0000535816428036139,-0.000230765461054766,0.000553472984832358,-0.000818263115608328,0.000775083036265433,0.0000554083873310402,0.0000307672786853073,-0.000305549424590147,0.000733214414109924,-0.00117265353772822,0.00141165699366505,-0.000818263115612860,0.000231752915021836,0.0000963461971870555,-0.000627059977550460,0.00104399513488263,-0.00117265353816549,0.000553472984725597,0.000410005719779687,0.000159126352373066,-0.000627059979200100,0.000733214412241579,-0.000230765461360504,0.000410005717993684,0.0000963461927295100,-0.000305549426330369,0.0000535816421559026,0.000231752915095480,0.0000307672793954626,0.0000359367610623545,0.0000554083871039362,-0.0000571104393374343,0.0000264318142550222,&
-0.000818263115350400,0.00166827765536585,-0.00103087752166960,0.000456995314682034,-0.000261028682918565,0.000166663371139513,-0.000125034007430453,0.0000554083873310402,0.00325524107591728,-0.00118391112464875,0.000965701759738693,-0.000493078637580107,0.0000976007526596816,0.0000591973879118607,-0.0000479413578333355,-0.00108339186442429,0.00186855262287358,-0.00143134394524137,0.000808647243428016,-0.000140801715479301,-0.000170496322920499,0.000571524573215350,-0.00131031656783687,0.000910027037470688,-0.000202443091817344,-0.000495483651608498,-0.000171327447341842,0.000607997177316020,-0.0000986848675460608,-0.000697103751617414,-0.0000411067204178680,-0.0000685946478876130,-0.000492065279994463,0.000113411446815717,-0.000125034006820270,-0.0000571104388705351,&
0.00141165699320839,-0.00118391112419891,0.00271973120568056,-0.000985072640439463,0.000232353474424254,0.0000131681168004251,-0.0000685946472715306,0.0000307672786853073,-0.00118391112464875,0.0176846564374512,-0.00254692047175272,0.00165057237115316,-0.000690978372175828,0.0000991882721804910,0.0000591973889970739,0.00271973120625807,-0.00254692047009188,0.00259527994977146,-0.00151195061853683,0.000248376089201867,0.000485627812075719,-0.000985072639559464,0.00165057236749547,-0.00151195062163042,0.000196980305224830,0.00121413737493603,0.000232353478211317,-0.000690978364364732,0.000248376089110111,0.00121413737086787,0.0000131681135363457,0.0000991882667172452,0.000485627809283614,-0.0000685946452287190,0.0000591973897688342,0.0000307672767953918,&
-0.00117265353772347,0.00186855262308861,0.000376276440472980,0.00259933272189417,-0.000219428946789001,-0.000464796782427772,0.000607997176028974,-0.000305549424590147,0.000965701759738693,-0.00254692047175272,0.0267986046634800,-0.00249582495058764,0.00164551839971647,-0.000690978368539610,0.0000976007487570387,-0.00207414424059548,0.00310477263569929,-0.00135131262662048,0.000664741078212591,0.000203242481410050,-0.000824158716843174,-0.000392596766931545,-0.00149370362015554,0.00138943637783504,0.0000769560085568858,-0.00151981602482504,0.000355077691227230,0.000203242486498654,-0.000559572267824492,-0.000762572648565507,-0.0000813130075484146,0.000248376088621419,9.71818101042697e-6,-0.0000986848674426114,-0.000140801714208611,0.0000963461940055392,&
0.000733214413131864,-0.00131031657032246,0.000828380606205053,0.00177998625379719,0.00177998625235678,0.000828380605317310,-0.00131031657238836,0.000733214414109924,-0.000493078637580107,0.00165057237115316,-0.00249582495058764,0.0300226855104576,-0.00249582495215765,0.00165057237325264,-0.000493078640639598,0.00136884935945508,-0.00149370362181551,0.00113095334028779,0.00113095334174536,-0.00149370362156093,0.00136884936310768,0.00126880660605059,0.000446974642204432,-0.00141878250383450,0.000446974641539798,0.00126880660399793,-0.0000645076125683624,0.0000769560061535757,0.0000769560054795880,-0.0000645076112066192,0.0000799777601282461,0.000196980306852379,0.0000799777579502615,-0.000202443091272310,-0.000202443090254105,0.000159126353410204,&
-0.000305549426853695,0.000607997183284625,-0.000464796785924564,-0.000219428947243934,0.00259933272170396,0.000376276441032504,0.00186855262302125,-0.00117265353772822,0.0000976007526596816,-0.000690978372175828,0.00164551839971647,-0.00249582495215765,0.0267986046643521,-0.00254692047150072,0.000965701759449065,-0.000824158720676654,0.000203242482073531,0.000664741077015741,-0.00135131262604726,0.00310477263689400,-0.00207414423964627,-0.00151981602363792,0.0000769560084627978,0.00138943638003821,-0.00149370361984722,-0.000392596766341266,-0.000762572650009206,-0.000559572263315657,0.000203242485049515,0.000355077690112915,9.71818271103162e-6,0.000248376088552209,-0.0000813130090555558,-0.000140801715177107,-0.0000986848663668614,0.0000963461941301519,&
0.0000307672806510820,-0.0000685946491487613,0.0000131681182409811,0.000232353476517703,-0.000985072639188599,0.00271973120706872,-0.00118391112507574,0.00141165699366505,0.0000591973879118607,0.0000991882721804910,-0.000690978368539610,0.00165057237325264,-0.00254692047150072,0.0176846564368109,-0.00118391112511288,0.000485627813841456,0.000248376091325619,-0.00151195061995754,0.00259527994641830,-0.00254692047267633,0.00271973120668657,0.00121413737294938,0.000196980304853749,-0.00151195062249489,0.00165057236842088,-0.000985072639190523,0.00121413737242974,0.000248376083942309,-0.000690978373958012,0.000232353475235925,0.000485627811355754,0.0000991882710513869,0.0000131681171772431,0.0000591973889474633,-0.0000685946455383886,0.0000307672790811933,&
0.0000554083869298909,-0.000125034007532086,0.000166663370902495,-0.000261028683950103,0.000456995314440503,-0.00103087752236416,0.00166827765640945,-0.000818263115612860,-0.0000479413578333355,0.0000591973889970739,0.0000976007487570387,-0.000493078640639598,0.000965701759449065,-0.00118391112511288,0.00325524107597612,-0.000170496323062264,-0.000140801725401053,0.000808647240771115,-0.00143134394496630,0.00186855262468578,-0.00108339186427269,-0.000495483654586538,-0.000202443088500320,0.000910027040398496,-0.00131031656578592,0.000571524574659398,-0.000697103748248218,-0.0000986848613080290,0.000607997180963259,-0.000171327445814904,-0.000492065281298883,-0.0000685946501780053,-0.0000411067176570037,-0.000125034006229730,0.000113411450334140,-0.0000571104391557124,&
0.000553472984648839,-0.00103087752240099,-7.37644329701423e-6,0.000502123563011495,-0.000532738273572061,0.000557325154833715,-0.000492065279290325,0.000231752915021836,-0.00108339186442429,0.00271973120625807,-0.00207414424059548,0.00136884935945508,-0.000824158720676654,0.000485627813841456,-0.000170496323062264,0.00455857112411958,0.000376276443320552,0.0000831792727773738,-0.000150661932509958,9.71818168720057e-6,-0.0000278974420108199,-0.000864038360091791,0.000828380602164054,-0.000388289250645928,0.0000799777601780732,0.000172571698910686,0.000404790578232968,-0.000464796779191470,-0.0000813130088458012,0.000506511569202925,-0.0000994098384077204,0.0000131681161712419,0.000557325153976780,-0.0000411067148050699,0.000166663373310163,0.0000359367602775978,&
-0.00117265353733590,0.000965701758670321,-0.00207414423972772,-0.000392596766642342,0.000355077688763896,-0.0000813130063821665,-0.0000986848715948240,0.0000963461971870555,0.00186855262287358,-0.00254692047009188,0.00310477263569929,-0.00149370362181551,0.000203242482073531,0.000248376091325619,-0.000140801725401053,0.000376276443320552,0.0267986046623468,-0.00135131262830814,0.00138943638041649,-0.000559572274186914,9.71818770398200e-6,0.00259933272239421,-0.00249582494919569,0.000664741068534032,0.0000769560134559970,-0.000762572654551431,-0.000219428943257934,0.00164551840022406,0.000203242477141204,-0.00151981601843171,-0.000464796777716785,-0.000690978370180796,-0.000824158718408658,0.000607997182975607,0.0000976007532562215,-0.000305549425712302,&
0.00104399513559170,-0.00143134394181346,0.0000831792714515001,-0.00239888379327633,-0.000493382910937990,-0.000388289248580944,0.000910027036984190,-0.000627059977550460,-0.00143134394524137,0.00259527994977146,-0.00135131262662048,0.00113095334028779,0.000664741077015741,-0.00151195061995754,0.000808647240771115,0.0000831792727773738,-0.00135131262830814,0.0384364921949145,-0.00159852009851467,0.00138943637887284,-0.000150661930765057,-0.00239888379305879,0.00113095334062597,-0.00159852010029919,-0.00141878250082266,0.00163106377827129,-0.000493382910795309,0.000664741075608074,0.00138943637796729,0.00163106378259886,-0.000388289248653076,-0.00151195062366585,-0.000150661935628943,0.000910027038030168,0.000808647244493079,-0.000627059978633814,&
-0.000627059976799831,0.000910027033463156,-0.000388289245199988,-0.000493382912009014,-0.00239888379064389,0.0000831792702861238,-0.00143134394284351,0.00104399513488263,0.000808647243428016,-0.00151195061853683,0.000664741078212591,0.00113095334174536,-0.00135131262604726,0.00259527994641830,-0.00143134394496630,-0.000150661932509958,0.00138943638041649,-0.00159852009851467,0.0384364921898444,-0.00135131262656853,0.0000831792724367765,0.00163106377780615,-0.00141878250959948,-0.00159852009980165,0.00113095334051676,-0.00239888379175220,0.00163106377830614,0.00138943637458377,0.000664741076992140,-0.000493382911482658,-0.000150661936144527,-0.00151195061686894,-0.000388289245544741,0.000808647244061063,0.000910027038347910,-0.000627059977624069,&
0.0000963461936304669,-0.0000986848655602497,-0.0000813130091774656,0.000355077689524146,-0.000392596767243499,-0.00207414424040925,0.000965701760983499,-0.00117265353816549,-0.000140801715479301,0.000248376089201867,0.000203242481410050,-0.00149370362156093,0.00310477263689400,-0.00254692047267633,0.00186855262468578,9.71818168720057e-6,-0.000559572274186914,0.00138943637887284,-0.00135131262656853,0.0267986046673825,0.000376276440847586,-0.000762572650922638,0.0000769560096766731,0.000664741077184089,-0.00249582494928026,0.00259933272438790,-0.00151981602207150,0.000203242483973669,0.00164551840254007,-0.000219428945808855,-0.000824158721138686,-0.000690978373238254,-0.000464796782950930,0.0000976007535692243,0.000607997179981704,-0.000305549426143324,&
0.000231752915756846,-0.000492065279230632,0.000557325155997134,-0.000532738271348652,0.000502123563900362,-7.37644179191000e-6,-0.00103087752227812,0.000553472984725597,-0.000170496322920499,0.000485627812075719,-0.000824158716843174,0.00136884936310768,-0.00207414423964627,0.00271973120668657,-0.00108339186427269,-0.0000278974420108199,9.71818770398200e-6,-0.000150661930765057,0.0000831792724367765,0.000376276440847586,0.00455857112333460,0.000172571701278275,0.0000799777628302583,-0.000388289250728776,0.000828380601246803,-0.000864038360818280,0.000506511567933097,-0.0000813130181687379,-0.000464796785521595,0.000404790575538188,0.000557325153599573,0.0000131681186951855,-0.0000994098389311449,0.000166663371549942,-0.0000411067190052538,0.0000359367616555328,&
-0.000230765460496357,0.000456995312390738,0.000502123565484963,-0.000232325661181509,-0.000234692411511038,0.000506511570573843,-0.000697103754683150,0.000410005719779687,0.000571524573215350,-0.000985072639559464,-0.000392596766931545,0.00126880660605059,-0.00151981602363792,0.00121413737294938,-0.000495483654586538,-0.000864038360091791,0.00259933272239421,-0.00239888379305879,0.00163106377780615,-0.000762572650922638,0.000172571701278275,0.00534447140692462,0.00177998625612493,-0.000493382911374982,-0.0000645076116452662,0.000155235751590066,-0.000790804701905647,-0.000219428953279892,0.000355077687002297,-0.000234692410221466,0.000404790576936817,0.000232353475005191,-0.000532738271373497,-0.000171327451399181,-0.000261028685037730,0.0000535816438746841,&
0.000733214413190989,-0.000493078638208845,0.00136884936330695,0.00126880660487817,-0.0000645076074285693,0.0000799777572472660,-0.000202443087467456,0.000159126352373066,-0.00131031656783687,0.00165057236749547,-0.00149370362015554,0.000446974642204432,0.0000769560084627978,0.000196980304853749,-0.000202443088500320,0.000828380602164054,-0.00249582494919569,0.00113095334062597,-0.00141878250959948,0.0000769560096766731,0.0000799777628302583,0.00177998625612493,0.0300226855095395,0.00113095335215037,0.000446974641547447,-0.0000645076123792994,0.00177998624633532,-0.00249582495552622,-0.00149370362064583,0.00126880660175881,0.000828380605616132,0.00165057237287098,0.00136884936114632,-0.00131031657970651,-0.000493078645357433,0.000733214416250946,&
-0.000627059978555201,0.000808647242126960,-0.000150661932141885,0.00163106378116809,0.00163106378345412,-0.000150661936210999,0.000808647247231160,-0.000627059979200100,0.000910027037470688,-0.00151195062163042,0.00138943637783504,-0.00141878250383450,0.00138943638003821,-0.00151195062249489,0.000910027040398496,-0.000388289250645928,0.000664741068534032,-0.00159852010029919,-0.00159852009980165,0.000664741077184089,-0.000388289250728776,-0.000493382911374982,0.00113095335215037,0.0384364922065942,0.00113095334202796,-0.000493382908496793,-0.00239888379397805,-0.00135131262616040,-0.00135131262869111,-0.00239888379522329,0.0000831792745817479,0.00259527995257150,0.0000831792762983798,-0.00143134395263650,-0.00143134394868430,0.00104399513843988,&
0.000159126353103685,-0.000202443090495845,0.0000799777591343370,-0.0000645076122007278,0.00126880660489042,0.00136884936016661,-0.000493078635469546,0.000733214412241579,-0.000202443091817344,0.000196980305224830,0.0000769560085568858,0.000446974641539798,-0.00149370361984722,0.00165057236842088,-0.00131031656578592,0.0000799777601780732,0.0000769560134559970,-0.00141878250082266,0.00113095334051676,-0.00249582494928026,0.000828380601246803,-0.0000645076116452662,0.000446974641547447,0.00113095334202796,0.0300226855057795,0.00177998625504609,0.00126880660520088,-0.00149370362084547,-0.00249582495465140,0.00177998625003464,0.00136884935838857,0.00165057236669333,0.000828380604906474,-0.000493078637523433,-0.00131031656888807,0.000733214413603819,&
0.000410005717596918,-0.000697103752070113,0.000506511568684058,-0.000234692412515861,-0.000232325662136670,0.000502123563931204,0.000456995315115702,-0.000230765461360504,-0.000495483651608498,0.00121413737493603,-0.00151981602482504,0.00126880660399793,-0.000392596766341266,-0.000985072639190523,0.000571524574659398,0.000172571698910686,-0.000762572654551431,0.00163106377827129,-0.00239888379175220,0.00259933272438790,-0.000864038360818280,0.000155235751590066,-0.0000645076123792994,-0.000493382908496793,0.00177998625504609,0.00534447140711316,-0.000234692409976329,0.000355077694880212,-0.000219428945880192,-0.000790804700119888,-0.000532738273213792,0.000232353472214118,0.000404790576192293,-0.000261028682836300,-0.000171327446988115,0.0000535816421497469,&
0.0000535816423251153,-0.000261028683428794,-0.000532738271767723,-0.000234692413353937,0.000155235754245332,0.000172571697423337,-0.000495483647559018,0.000410005717993684,-0.000171327447341842,0.000232353478211317,0.000355077691227230,-0.0000645076125683624,-0.000762572650009206,0.00121413737242974,-0.000697103748248218,0.000404790578232968,-0.000219428943257934,-0.000493382910795309,0.00163106377830614,-0.00151981602207150,0.000506511567933097,-0.000790804701905647,0.00177998624633532,-0.00239888379397805,0.00126880660520088,-0.000234692409976329,0.00534447140590093,0.00259933271869301,-0.000392596764111650,-0.000232325664400824,-0.000864038363665160,-0.000985072634911453,0.000502123565386760,0.000571524576953428,0.000456995314945047,-0.000230765461689050,&
-0.000305549424581948,0.0000976007540107370,-0.000824158719128405,-0.00151981602158744,-0.000762572648272660,9.71818169408889e-6,-0.000140801711286085,0.0000963461927295100,0.000607997177316020,-0.000690978364364732,0.000203242486498654,0.0000769560061535757,-0.000559572263315657,0.000248376083942309,-0.0000986848613080290,-0.000464796779191470,0.00164551840022406,0.000664741075608074,0.00138943637458377,0.000203242483973669,-0.0000813130181687379,-0.000219428953279892,-0.00249582495552622,-0.00135131262616040,-0.00149370362084547,0.000355077694880212,0.00259933271869301,0.0267986046546905,0.00310477263195553,-0.000392596767917422,0.000376276442480197,-0.00254692046302435,-0.00207414423301265,0.00186855261965755,0.000965701756970612,-0.00117265353521623,&
0.0000963461939633957,-0.000140801710193173,9.71818114413459e-6,-0.000762572649494536,-0.00151981602525300,-0.000824158719033721,0.0000976007538262145,-0.000305549426330369,-0.0000986848675460608,0.000248376089110111,-0.000559572267824492,0.0000769560054795880,0.000203242485049515,-0.000690978373958012,0.000607997180963259,-0.0000813130088458012,0.000203242477141204,0.00138943637796729,0.000664741076992140,0.00164551840254007,-0.000464796785521595,0.000355077687002297,-0.00149370362064583,-0.00135131262869111,-0.00249582495465140,-0.000219428945880192,-0.000392596764111650,0.00310477263195553,0.0267986046631227,0.00259933272140927,-0.00207414424585174,-0.00254692047482647,0.000376276441018429,0.000965701764083814,0.00186855262535516,-0.00117265353881240,&
0.000410005719317763,-0.000495483647259832,0.000172571697148709,0.000155235753618077,-0.000234692413151231,-0.000532738272187675,-0.000261028682589980,0.0000535816421559026,-0.000697103751617414,0.00121413737086787,-0.000762572648565507,-0.0000645076112066192,0.000355077690112915,0.000232353475235925,-0.000171327445814904,0.000506511569202925,-0.00151981601843171,0.00163106378259886,-0.000493382911482658,-0.000219428945808855,0.000404790575538188,-0.000234692410221466,0.00126880660175881,-0.00239888379522329,0.00177998625003464,-0.000790804700119888,-0.000232325664400824,-0.000392596767917422,0.00259933272140927,0.00534447140485424,0.000502123564596836,-0.000985072640470538,-0.000864038362404790,0.000456995314747469,0.000571524572875574,-0.000230765461415954,&
0.0000359367623888778,0.000166663368449912,0.000557325156648989,0.000506511572097586,0.000172571699016087,-0.0000278974414399343,-0.000170496325072256,0.000231752915095480,-0.0000411067204178680,0.0000131681135363457,-0.0000813130075484146,0.0000799777601282461,9.71818271103162e-6,0.000485627811355754,-0.000492065281298883,-0.0000994098384077204,-0.000464796777716785,-0.000388289248653076,-0.000150661936144527,-0.000824158721138686,0.000557325153599573,0.000404790576936817,0.000828380605616132,0.0000831792745817479,0.00136884935838857,-0.000532738273213792,-0.000864038363665160,0.000376276442480197,-0.00207414424585174,0.000502123564596836,0.00455857112799735,0.00271973120451533,-7.37644156289773e-6,-0.00108339187079064,-0.00103087752340930,0.000553472986796780,&
0.0000307672782534694,0.0000591973860344149,0.000485627812024589,0.00121413737429654,0.00121413737243762,0.000485627813308334,0.0000591973865829048,0.0000307672793954626,-0.0000685946478876130,0.0000991882667172452,0.000248376088621419,0.000196980306852379,0.000248376088552209,0.0000991882710513869,-0.0000685946501780053,0.0000131681161712419,-0.000690978370180796,-0.00151195062366585,-0.00151195061686894,-0.000690978373238254,0.0000131681186951855,0.000232353475005191,0.00165057237287098,0.00259527995257150,0.00165057236669333,0.000232353472214118,-0.000985072634911453,-0.00254692046302435,-0.00254692047482647,-0.000985072640470538,0.00271973120451533,0.0176846564318525,0.00271973120206640,-0.00118391112306340,-0.00118391112382857,0.00141165699258029,&
0.000231752914403355,-0.000170496323932204,-0.0000278974430543793,0.000172571697771749,0.000506511570278967,0.000557325154066294,0.000166663372309176,0.0000359367610623545,-0.000492065279994463,0.000485627809283614,9.71818101042697e-6,0.0000799777579502615,-0.0000813130090555558,0.0000131681171772431,-0.0000411067176570037,0.000557325153976780,-0.000824158718408658,-0.000150661935628943,-0.000388289245544741,-0.000464796782950930,-0.0000994098389311449,-0.000532738271373497,0.00136884936114632,0.0000831792762983798,0.000828380604906474,0.000404790576192293,0.000502123565386760,-0.00207414423301265,0.000376276441018429,-0.000864038362404790,-7.37644156289773e-6,0.00271973120206640,0.00455857112393191,-0.00103087752316184,-0.00108339186429270,0.000553472984902553,&
-0.0000571104387078581,-0.000125034007007757,-0.000492065281649571,-0.000697103753707826,-0.000495483652471386,-0.000170496322836687,-0.0000479413557452335,0.0000554083871039362,0.000113411446815717,-0.0000685946452287190,-0.0000986848674426114,-0.000202443091272310,-0.000140801715177107,0.0000591973889474633,-0.000125034006229730,-0.0000411067148050699,0.000607997182975607,0.000910027038030168,0.000808647244061063,0.0000976007535692243,0.000166663371549942,-0.000171327451399181,-0.00131031657970651,-0.00143134395263650,-0.000493078637523433,-0.000261028682836300,0.000571524576953428,0.00186855261965755,0.000965701764083814,0.000456995314747469,-0.00108339187079064,-0.00118391112306340,-0.00103087752316184,0.00325524108417172,0.00166827765830820,-0.000818263118341343,&
0.0000554083873023747,-0.0000479413538252947,-0.000170496323281614,-0.000495483652049326,-0.000697103752037455,-0.000492065280408299,-0.000125034004770503,-0.0000571104393374343,-0.000125034006820270,0.0000591973897688342,-0.000140801714208611,-0.000202443090254105,-0.0000986848663668614,-0.0000685946455383886,0.000113411450334140,0.000166663373310163,0.0000976007532562215,0.000808647244493079,0.000910027038347910,0.000607997179981704,-0.0000411067190052538,-0.000261028685037730,-0.000493078645357433,-0.00143134394868430,-0.00131031656888807,-0.000171327446988115,0.000456995314945047,0.000965701756970612,0.00186855262535516,0.000571524572875574,-0.00103087752340930,-0.00118391112382857,-0.00108339186429270,0.00166827765830820,0.00325524107487304,-0.000818263116486425,&
0.0000264318140059807,0.0000554083856862524,0.000231752915635475,0.000410005719301459,0.000410005719516578,0.000231752914772944,0.0000554083867182193,0.0000264318142550222,-0.0000571104388705351,0.0000307672767953918,0.0000963461940055392,0.000159126353410204,0.0000963461941301519,0.0000307672790811933,-0.0000571104391557124,0.0000359367602775978,-0.000305549425712302,-0.000627059978633814,-0.000627059977624069,-0.000305549426143324,0.0000359367616555328,0.0000535816438746841,0.000733214416250946,0.00104399513843988,0.000733214413603819,0.0000535816421497469,-0.000230765461689050,-0.00117265353521623,-0.00117265353881240,-0.000230765461415954,0.000553472986796780,0.00141165699258029,0.000553472984902553,-0.000818263118341343,-0.000818263116486425,0.000775083037049285  /),(/36,36/))