real(kind=GRID_SR),Parameter :: s_m(28,28) = reshape((/ &
0.00102112229586851,-0.000948789150034237,0.000623331978362012,-0.000220796202276209,9.68432992484966e-6,0.0000718914663567878,-0.0000383673109771430,-0.000948789150012331,0.00157229808541513,-0.00116641090700812,0.000571469104389210,-0.0000692199953669840,-0.000116233260219397,0.000623331978368932,-0.00116641090704764,0.000799412087273597,-0.000145047523879085,-0.000422094078957479,-0.000220796202283658,0.000571469104401927,-0.000145047523865626,-0.000599582850142927,9.68432992938983e-6,-0.0000692199953457208,-0.000422094078987183,0.0000718914663263101,-0.000116233260202785,-0.0000383673109745732,&
-0.000948789150034237,0.00488293973788476,-0.00129620470623069,0.000600100183385991,-0.000100563681557574,-0.000111793118257285,0.0000718914663579738,0.00233518982169323,-0.000794200004747999,0.00178714609233591,-0.000954947063198469,0.0000880687999866694,0.000273875160095222,-0.00142966284733030,0.000656085622696873,-0.00101685156285996,0.0000838966893654098,0.000866129303897132,0.000680223386149063,-0.000228077505974701,0.000202052182587312,0.000886559521820223,-0.000417313488976017,-0.0000938095003866404,0.000377473988712504,0.000273875160194464,0.000100429723251969,-0.000116233260254330,&
0.000623331978362012,-0.00129620470623069,0.00709244732897513,-0.00110141961638222,0.000456982708486823,-0.000100563681526108,9.68432989718801e-6,-0.00142966284734042,0.00382792124219091,0.00160508517343891,0.000213335054546586,0.000191886117081046,-0.000417313488816871,-0.000259662053640933,-0.00298025839937871,-0.000460304799781374,0.000308311470996789,-0.000907171362971034,0.000868490585083722,0.00196334350203985,0.0000667466347195410,-0.000512372832118563,-0.000907171362923029,-0.00109740068813505,0.0000192425425109147,0.000866129303651309,0.000377473988709786,-0.000422094078983936,&
-0.000220796202276209,0.000600100183385991,-0.00110141961638222,0.00794569478322051,-0.00110141961638976,0.000600100183305839,-0.000220796202294690,0.000680223386056219,-0.00115568647862920,0.00340295160258944,0.00340295160262140,-0.00115568647866333,0.000680223386086980,0.000868490585125892,-0.000769829380387383,-0.00343678950664766,-0.000769829380408686,0.000868490585061327,-0.000124957296727694,0.00197049991702461,0.00197049991706707,-0.000124957296686443,-0.000512372832067824,-0.00196575748126185,-0.000512372832113354,0.000886559521820541,0.000886559521801200,-0.000599582850183631,&
9.68432992484966e-6,-0.000100563681557574,0.000456982708486823,-0.00110141961638976,0.00709244732898731,-0.00129620470620317,0.000623331978373212,-0.000417313488851025,0.000191886117167657,0.000213335054538217,0.00160508517342938,0.00382792124213800,-0.00142966284733931,-0.000907171362957306,0.000308311470877275,-0.000460304799815057,-0.00298025839927492,-0.000259662053638175,-0.000512372832117857,0.0000667466346979593,0.00196334350212136,0.000868490585100512,0.0000192425425235909,-0.00109740068807032,-0.000907171362938593,0.000377473988742124,0.000866129303689967,-0.000422094078990870,&
0.0000718914663567878,-0.000111793118257285,-0.000100563681526108,0.000600100183305839,-0.00129620470620317,0.00488293973777768,-0.000948789150031385,0.000273875160099299,0.0000880687998586267,-0.000954947063104489,0.00178714609233744,-0.000794200004726918,0.00233518982168035,0.000866129303743519,0.0000838966894166822,-0.00101685156274955,0.000656085622620345,-0.00142966284736047,0.000886559521807491,0.000202052182325268,-0.000228077506070916,0.000680223386066791,0.000377473988760691,-0.0000938095003888410,-0.000417313488854178,0.000100429723102064,0.000273875160109036,-0.000116233260202572,&
-0.0000383673109771430,0.0000718914663579738,9.68432989718801e-6,-0.000220796202294690,0.000623331978373212,-0.000948789150031385,0.00102112229588940,-0.000116233260179531,-0.0000692199953747532,0.000571469104390694,-0.00116641090708710,0.00157229808543413,-0.000948789150028735,-0.000422094079041242,-0.000145047524001175,0.000799412087240440,-0.00116641090700801,0.000623331978391343,-0.000599582850174419,-0.000145047523943609,0.000571469104470868,-0.000220796202263352,-0.000422094079020594,-0.0000692199953104978,9.68432993841754e-6,-0.000116233260174960,0.0000718914663548786,-0.0000383673109890706,&
-0.000948789150012331,0.00233518982169323,-0.00142966284734042,0.000680223386056219,-0.000417313488851025,0.000273875160099299,-0.000116233260179531,0.00488293973777862,-0.000794200004699333,0.000656085622637929,-0.000228077506066399,-0.0000938095003663575,0.000100429723080282,-0.00129620470619778,0.00178714609234040,-0.00101685156273878,0.000202052182306353,0.000377473988750172,0.000600100183311501,-0.000954947063109793,0.0000838966893375614,0.000886559521771315,-0.000100563681523495,0.0000880687999013052,0.000866129303760893,-0.000111793118296295,0.000273875160083598,0.0000718914663675301,&
0.00157229808541513,-0.000794200004747999,0.00382792124219091,-0.00115568647862920,0.000191886117167657,0.0000880687998586267,-0.0000692199953747532,-0.000794200004699333,0.0274620914061798,-0.00216963782786330,0.00127442466734861,-0.000304846696357881,-0.0000938095004409639,0.00382792124215407,-0.00216963782790196,0.00151601696428189,-0.0000362633720816543,-0.00109740068823889,-0.00115568647861088,0.00127442466738827,-0.0000362633720688532,-0.00196575748132088,0.000191886117167692,-0.000304846696424213,-0.00109740068821377,0.0000880687997786452,-0.0000938095004267976,-0.0000692199953869310,&
-0.00116641090700812,0.00178714609233591,0.00160508517343891,0.00340295160258944,0.000213335054538217,-0.000954947063104489,0.000571469104390694,0.000656085622637929,-0.00216963782786330,0.0399247259188316,-0.00216000842125550,0.00127442466717050,-0.000228077506002035,-0.00298025839929923,0.00320919959632729,0.0000676864382695648,-0.00139846877791323,0.00196334350202278,-0.000769829380432777,-0.00139846877799447,0.000611202562556628,0.00197049991709557,0.000308311471020286,-0.0000362633719849988,0.0000667466347107159,0.0000838966892971688,0.000202052182294289,-0.000145047523904797,&
0.000571469104389210,-0.000954947063198469,0.000213335054546586,0.00340295160262140,0.00160508517342938,0.00178714609233744,-0.00116641090708710,-0.000228077506066399,0.00127442466734861,-0.00216000842125550,0.0399247259189837,-0.00216963782796711,0.000656085622703524,0.00196334350215019,-0.00139846877795147,0.0000676864383467491,0.00320919959636977,-0.00298025839934343,0.00197049991702089,0.000611202562645004,-0.00139846877812402,-0.000769829380466699,0.0000667466348354803,-0.0000362633720513918,0.000308311471015740,0.000202052182206195,0.0000838966892637296,-0.000145047523842323,&
-0.0000692199953669840,0.0000880687999866694,0.000191886117081046,-0.00115568647866333,0.00382792124213800,-0.000794200004726918,0.00157229808543413,-0.0000938095003663575,-0.000304846696357881,0.00127442466717050,-0.00216963782796711,0.0274620914060691,-0.000794200004708328,-0.00109740068823544,-0.0000362633720202159,0.00151601696430570,-0.00216963782777405,0.00382792124218860,-0.00196575748124479,-0.0000362633721029456,0.00127442466739869,-0.00115568647858811,-0.00109740068823354,-0.000304846696071563,0.000191886117194752,-0.0000938095003317513,0.0000880687998076198,-0.0000692199954081048,&
-0.000116233260219397,0.000273875160095222,-0.000417313488816871,0.000680223386086980,-0.00142966284733931,0.00233518982168035,-0.000948789150028735,0.000100429723080282,-0.0000938095004409639,-0.000228077506002035,0.000656085622703524,-0.000794200004708328,0.00488293973778373,0.000377473988815926,0.000202052182572161,-0.00101685156272108,0.00178714609228562,-0.00129620470620924,0.000886559521822816,0.0000838966893421214,-0.000954947063174782,0.000600100183292303,0.000866129303746594,0.0000880687998010921,-0.000100563681542422,0.000273875160058109,-0.000111793118285579,0.0000718914663755349,&
0.000623331978368932,-0.00142966284733030,-0.000259662053640933,0.000868490585125892,-0.000907171362957306,0.000866129303743519,-0.000422094079041242,-0.00129620470619778,0.00382792124215407,-0.00298025839929923,0.00196334350215019,-0.00109740068823544,0.000377473988815926,0.00709244732900482,0.00160508517347992,-0.000460304799824016,0.0000667466348078871,0.0000192425424596470,-0.00110141961636720,0.000213335054627623,0.000308311470985764,-0.000512372831981674,0.000456982708514435,0.000191886116966012,-0.000907171363045010,-0.000100563681529186,-0.000417313488811021,9.68432990650150e-6,&
-0.00116641090704764,0.000656085622696873,-0.00298025839937871,-0.000769829380387383,0.000308311470877275,0.0000838966894166822,-0.000145047524001175,0.00178714609234040,-0.00216963782790196,0.00320919959632729,-0.00139846877795147,-0.0000362633720202159,0.000202052182572161,0.00160508517347992,0.0399247259190119,0.0000676864383007834,0.000611202562778436,0.0000667466347093624,0.00340295160269045,-0.00216000842130432,-0.00139846877812851,0.00197049991713807,0.000213335054591275,0.00127442466738937,0.00196334350214651,-0.000954947063154678,-0.000228077506038491,0.000571469104419263,&
0.000799412087273597,-0.00101685156285996,-0.000460304799781374,-0.00343678950664766,-0.000460304799815057,-0.00101685156274955,0.000799412087240440,-0.00101685156273878,0.00151601696428189,0.0000676864382695648,0.0000676864383467491,0.00151601696430570,-0.00101685156272108,-0.000460304799824016,0.0000676864383007834,0.0512477180829531,0.0000676864384240073,-0.000460304799674006,-0.00343678950655962,0.0000676864382702367,0.0000676864382687841,-0.00343678950667064,-0.000460304799781140,0.00151601696439713,-0.000460304799609918,-0.00101685156283763,-0.00101685156284400,0.000799412087321707,&
-0.000145047523879085,0.0000838966893654098,0.000308311470996789,-0.000769829380408686,-0.00298025839927492,0.000656085622620345,-0.00116641090700801,0.000202052182306353,-0.0000362633720816543,-0.00139846877791323,0.00320919959636977,-0.00216963782777405,0.00178714609228562,0.0000667466348078871,0.000611202562778436,0.0000676864384240073,0.0399247259188349,0.00160508517351353,0.00197049991704186,-0.00139846877789856,-0.00216000842126810,0.00340295160259170,0.00196334350214299,0.00127442466723042,0.000213335054535554,-0.000228077506083045,-0.000954947063140691,0.000571469104419176,&
-0.000422094078957479,0.000866129303897132,-0.000907171362971034,0.000868490585061327,-0.000259662053638175,-0.00142966284736047,0.000623331978391343,0.000377473988750172,-0.00109740068823889,0.00196334350202278,-0.00298025839934343,0.00382792124218860,-0.00129620470620924,0.0000192425424596470,0.0000667466347093624,-0.000460304799674006,0.00160508517351353,0.00709244732900630,-0.000512372832052552,0.000308311471012121,0.000213335054637903,-0.00110141961638381,-0.000907171362983168,0.000191886117228675,0.000456982708483752,-0.000417313488797313,-0.000100563681597509,9.68432989419687e-6,&
-0.000220796202283658,0.000680223386149063,0.000868490585083722,-0.000124957296727694,-0.000512372832117857,0.000886559521807491,-0.000599582850174419,0.000600100183311501,-0.00115568647861088,-0.000769829380432777,0.00197049991702089,-0.00196575748124479,0.000886559521822816,-0.00110141961636720,0.00340295160269045,-0.00343678950655962,0.00197049991704186,-0.000512372832052552,0.00794569478321199,0.00340295160249453,-0.000769829380510756,-0.000124957296784323,-0.00110141961635754,-0.00115568647841503,0.000868490585218571,0.000600100183234438,0.000680223386036461,-0.000220796202241612,&
0.000571469104401927,-0.000228077505974701,0.00196334350203985,0.00197049991702461,0.0000667466346979593,0.000202052182325268,-0.000145047523943609,-0.000954947063109793,0.00127442466738827,-0.00139846877799447,0.000611202562645004,-0.0000362633721029456,0.0000838966893421214,0.000213335054627623,-0.00216000842130432,0.0000676864382702367,-0.00139846877789856,0.000308311471012121,0.00340295160249453,0.0399247259188383,0.00320919959631883,-0.000769829380510535,0.00160508517357202,-0.00216963782760478,-0.00298025839926567,0.00178714609219383,0.000656085622506389,-0.00116641090699683,&
-0.000145047523865626,0.000202052182587312,0.0000667466347195410,0.00197049991706707,0.00196334350212136,-0.000228077506070916,0.000571469104470868,0.0000838966893375614,-0.0000362633720688532,0.000611202562556628,-0.00139846877812402,0.00127442466739869,-0.000954947063174782,0.000308311470985764,-0.00139846877812851,0.0000676864382687841,-0.00216000842126810,0.000213335054637903,-0.000769829380510756,0.00320919959631883,0.0399247259191126,0.00340295160265477,-0.00298025839930318,-0.00216963782776398,0.00160508517338730,0.000656085622754761,0.00178714609231274,-0.00116641090709319,&
-0.000599582850142927,0.000886559521820223,-0.000512372832118563,-0.000124957296686443,0.000868490585100512,0.000680223386066791,-0.000220796202263352,0.000886559521771315,-0.00196575748132088,0.00197049991709557,-0.000769829380466699,-0.00115568647858811,0.000600100183292303,-0.000512372831981674,0.00197049991713807,-0.00343678950667064,0.00340295160259170,-0.00110141961638381,-0.000124957296784323,-0.000769829380510535,0.00340295160265477,0.00794569478324414,0.000868490585159939,-0.00115568647854897,-0.00110141961639774,0.000680223386061876,0.000600100183298065,-0.000220796202275208,&
9.68432992938983e-6,-0.000417313488976017,-0.000907171362923029,-0.000512372832067824,0.0000192425425235909,0.000377473988760691,-0.000422094079020594,-0.000100563681523495,0.000191886117167692,0.000308311471020286,0.0000667466348354803,-0.00109740068823354,0.000866129303746594,0.000456982708514435,0.000213335054591275,-0.000460304799781140,0.00196334350214299,-0.000907171362983168,-0.00110141961635754,0.00160508517357202,-0.00298025839930318,0.000868490585159939,0.00709244732897298,0.00382792124193301,-0.000259662053727274,-0.00129620470618656,-0.00142966284729785,0.000623331978361478,&
-0.0000692199953457208,-0.0000938095003866404,-0.00109740068813505,-0.00196575748126185,-0.00109740068807032,-0.0000938095003888410,-0.0000692199953104978,0.0000880687999013052,-0.000304846696424213,-0.0000362633719849988,-0.0000362633720513918,-0.000304846696071563,0.0000880687998010921,0.000191886116966012,0.00127442466738937,0.00151601696439713,0.00127442466723042,0.000191886117228675,-0.00115568647841503,-0.00216963782760478,-0.00216963782776398,-0.00115568647854897,0.00382792124193301,0.0274620914054599,0.00382792124207286,-0.000794200004540988,-0.000794200004538205,0.00157229808534569,&
-0.000422094078987183,0.000377473988712504,0.0000192425425109147,-0.000512372832113354,-0.000907171362938593,-0.000417313488854178,9.68432993841754e-6,0.000866129303760893,-0.00109740068821377,0.0000667466347107159,0.000308311471015740,0.000191886117194752,-0.000100563681542422,-0.000907171363045010,0.00196334350214651,-0.000460304799609918,0.000213335054535554,0.000456982708483752,0.000868490585218571,-0.00298025839926567,0.00160508517338730,-0.00110141961639774,-0.000259662053727274,0.00382792124207286,0.00709244732899755,-0.00142966284731678,-0.00129620470617426,0.000623331978361341,&
0.0000718914663263101,0.000273875160194464,0.000866129303651309,0.000886559521820541,0.000377473988742124,0.000100429723102064,-0.000116233260174960,-0.000111793118296295,0.0000880687997786452,0.0000838966892971688,0.000202052182206195,-0.0000938095003317513,0.000273875160058109,-0.000100563681529186,-0.000954947063154678,-0.00101685156283763,-0.000228077506083045,-0.000417313488797313,0.000600100183234438,0.00178714609219383,0.000656085622754761,0.000680223386061876,-0.00129620470618656,-0.000794200004540988,-0.00142966284731678,0.00488293973781785,0.00233518982162654,-0.000948789150036851,&
-0.000116233260202785,0.000100429723251969,0.000377473988709786,0.000886559521801200,0.000866129303689967,0.000273875160109036,0.0000718914663548786,0.000273875160083598,-0.0000938095004267976,0.000202052182294289,0.0000838966892637296,0.0000880687998076198,-0.000111793118285579,-0.000417313488811021,-0.000228077506038491,-0.00101685156284400,-0.000954947063140691,-0.000100563681597509,0.000680223386036461,0.000656085622506389,0.00178714609231274,0.000600100183298065,-0.00142966284729785,-0.000794200004538205,-0.00129620470617426,0.00233518982162654,0.00488293973771612,-0.000948789150008327,&
-0.0000383673109745732,-0.000116233260254330,-0.000422094078983936,-0.000599582850183631,-0.000422094078990870,-0.000116233260202572,-0.0000383673109890706,0.0000718914663675301,-0.0000692199953869310,-0.000145047523904797,-0.000145047523842323,-0.0000692199954081048,0.0000718914663755349,9.68432990650150e-6,0.000571469104419263,0.000799412087321707,0.000571469104419176,9.68432989419687e-6,-0.000220796202241612,-0.00116641090699683,-0.00116641090709319,-0.000220796202275208,0.000623331978361478,0.00157229808534569,0.000623331978361341,-0.000948789150036851,-0.000948789150008327,0.00102112229588757  /),(/28,28/))