real(kind=GRID_SR),Parameter :: s_m(10,10) = reshape((/ &
0.00575396825396828,-0.00210122419518845,0.000117097211061461,0.000297619047619061,-0.00210122419518843,5.41558985156509e-17,0.00297619047619051,0.000117097211061499,0.00297619047619055,0.000297619047619056,&
-0.00210122419518845,0.0347222222222219,-0.00248015873015853,0.000117097211061366,0.0160519244915663,0.0133928571428561,-0.00744047619047612,-0.00744047619047667,-0.00613128957093198,0.00297619047619046,&
0.000117097211061461,-0.00248015873015853,0.0347222222222224,-0.00210122419518837,-0.00744047619047610,0.0133928571428575,0.0160519244915664,-0.00613128957093139,-0.00744047619047609,0.00297619047619051,&
0.000297619047619061,0.000117097211061366,-0.00210122419518837,0.00575396825396826,0.00297619047619050,4.67833237427495e-17,-0.00210122419518838,0.00297619047619048,0.000117097211061407,0.000297619047619050,&
-0.00210122419518843,0.0160519244915663,-0.00744047619047610,0.00297619047619050,0.0347222222222222,0.0133928571428574,-0.00613128957093141,-0.00248015873015861,-0.00744047619047604,0.000117097211061446,&
5.41558985156509e-17,0.0133928571428561,0.0133928571428575,4.67833237427495e-17,0.0133928571428574,0.144642857142857,0.0133928571428572,0.0133928571428572,0.0133928571428577,9.80118763926896e-17,&
0.00297619047619051,-0.00744047619047612,0.0160519244915664,-0.00210122419518838,-0.00613128957093141,0.0133928571428572,0.0347222222222222,-0.00744047619047617,-0.00248015873015862,0.000117097211061390,&
0.000117097211061499,-0.00744047619047667,-0.00613128957093139,0.00297619047619048,-0.00248015873015861,0.0133928571428572,-0.00744047619047617,0.0347222222222221,0.0160519244915664,-0.00210122419518837,&
0.00297619047619055,-0.00613128957093198,-0.00744047619047609,0.000117097211061407,-0.00744047619047604,0.0133928571428577,-0.00248015873015862,0.0160519244915664,0.0347222222222225,-0.00210122419518836,&
0.000297619047619056,0.00297619047619046,0.00297619047619051,0.000297619047619050,0.000117097211061446,9.80118763926896e-17,0.000117097211061390,-0.00210122419518837,-0.00210122419518836,0.00575396825396826  /),(/10,10/))